12.9227876,77.6698698
12.9247796,77.6743673
12.9304474,77.6857378
12.9330620,77.6886130
12.9488458,77.6993624
12.9530603,77.7001767
12.9323769,77.7079850
12.9201630,77.6661563
12.9199759,77.6665738
12.9169531,77.6732042
12.9162160,77.6736479
12.9138768,77.6778140
12.9131796,77.6794280
12.9110127,77.6837406
12.9209256,77.6655498
12.9230064,77.6653203
12.9231325,77.6679374
12.9230352,77.6668244
12.9230645,77.6663961
12.9231305,77.6651662
12.9231591,77.6640737
12.9231844,77.6635432
12.9231170,77.6630484
12.9230102,77.6623099
12.9264660,77.6654429
12.9242840,77.6654026
12.9238926,77.6648748
12.9238894,77.6653798
12.9237910,77.6660255
12.9242452,77.6660096
12.9243744,77.6660605
12.9247354,77.6644689
12.9247244,77.6653622
12.9250801,77.6648272
12.9247334,77.6648267
12.9242770,77.6648272
12.9245318,77.6644185
12.9252005,77.6644362
12.9251704,77.6654113
12.9252454,77.6662162
12.9252619,77.6654139
12.9256279,77.6654273
12.9256327,77.6645183
12.9259934,77.6648992
12.9256293,77.6648984
12.9252805,77.6648992
12.9248479,77.6654120
12.9248586,77.6660089
12.9252340,77.6657464
12.9248567,77.6657571
12.9243588,77.6657561
12.9243634,77.6654015
12.9243588,77.6659506
12.9256047,77.6661354
12.9257956,77.6658770
12.9256136,77.6658734
12.9253725,77.6658673
12.9188802,77.6687125
12.9134586,77.6664429
12.9101819,77.6630753
12.9098787,77.6629412
12.9097723,77.6630526
12.9097017,77.6633047
12.9096623,77.6635218
12.9096037,77.6636979
12.9095035,77.6638369
12.9093286,77.6638745
12.9090676,77.6638305
12.9088908,77.6637956
12.9070304,77.6635171
12.9064706,77.6633950
12.9057909,77.6630984
12.9049629,77.6625422
12.9044685,77.6622703
12.9040730,77.6621591
12.9036899,77.6620355
12.9035169,77.6618996
12.9030226,77.6613311
12.9024911,77.6607997
12.9022069,77.6606266
12.9018361,77.6605154
12.9015024,77.6604165
12.9012676,77.6602930
12.9010699,77.6600705
12.9004568,77.6598792
12.9003372,77.6597728
12.8999782,77.6594139
12.8993002,77.6591347
12.8991723,77.6587875
12.8990875,77.6586428
12.8982584,77.6582951
12.8978911,77.6582440
12.8971333,77.6584301
12.8969472,77.6584168
12.8961096,77.6580977
12.8957341,77.6578901
12.8946920,77.6574381
12.9140784,77.6667299
12.9134696,77.6661168
12.9133859,77.6650696
12.9126452,77.6656164
12.9099846,77.6629161
12.9095828,77.6639668
12.9088264,77.6644772
12.9260271,77.6762307
12.9212395,77.6666129
12.9221708,77.6630407
12.9034214,77.6617858
12.9017296,77.6594541
12.9017231,77.6604948
12.9016035,77.6607258
12.8992247,77.6589959
12.8988180,77.6584950
12.8968376,77.6583850
12.8940832,77.6570497
12.9139371,77.6776326
12.9136243,77.6776214
12.9134965,77.6771701
12.9132568,77.6769552
12.9127637,77.6767526
12.9123687,77.6766597
12.9109545,77.6765593
12.9104057,77.6766146
12.9103293,77.6766013
12.9096967,77.6762368
12.9096079,77.6762126
12.9094404,77.6762327
12.9090941,77.6764326
12.9076071,77.6757427
12.9074751,77.6757006
12.9057964,77.6757120
12.9050914,77.6760299
12.8977062,77.6754481
12.8928908,77.6737831
12.8907152,77.6734144
12.8863586,77.6724875
12.8810380,77.6722392
12.8800669,77.6721470
12.8757650,77.6713585
12.9221168,77.6618080
12.9210644,77.6658869
12.9230232,77.6640856
12.9236947,77.6640268
12.9121788,77.6651425
12.9064528,77.6637348
12.8977259,77.6582650
12.8966658,77.6583105
12.9195444,77.6702374
12.9205698,77.6707212
12.9212050,77.6711093
12.9213817,77.6713259
12.9215314,77.6717076
12.9216222,77.6717838
12.9222072,77.6720149
12.9040129,77.6759269
12.8988963,77.6754572
12.8988765,77.6750137
12.8989242,77.6760323
12.8957180,77.6747857
12.8885061,77.6729696
12.9460700,77.6490867
12.9229032,77.6734760
12.9226394,77.6756946
12.9306013,77.6758188
12.9304035,77.6759432
12.9303816,77.6759706
12.9303496,77.6761242
12.9300138,77.6762316
12.9296813,77.6763895
12.9295275,77.6764260
12.9291628,77.6764783
12.9290674,77.6764864
12.9286845,77.6765162
12.9280487,77.6765419
12.9276806,77.6765162
12.9300291,77.6764347
12.9301160,77.6779417
12.9304520,77.6785911
12.9306959,77.6785158
12.9308488,77.6781782
12.9309261,77.6779035
12.9314018,77.6772769
12.9316703,77.6769273
12.9318783,77.6768008
12.9319980,77.6767643
12.9324323,77.6768736
12.9326339,77.6767729
12.9328177,77.6768109
12.9329969,77.6769095
12.9331223,77.6769453
12.9334091,77.6769453
12.9344935,77.6767955
12.9354835,77.6765567
12.9358456,77.6766682
12.9363076,77.6769911
12.9374584,77.6772003
12.9379952,77.6773267
12.9384433,77.6775867
12.9388206,77.6777352
12.9391526,77.6780675
12.9393741,77.6781905
12.9401245,77.6785696
12.9405967,77.6786887
12.9421278,77.6794384
12.9424098,77.6794652
12.9428940,77.6798015
12.9439097,77.6804180
12.9442997,77.6802723
12.9085357,77.6957241
12.9088887,77.6961774
12.9095109,77.6967862
12.9109019,77.6978475
12.9115606,77.6982105
12.9124521,77.6984626
12.9139059,77.6986200
12.9142612,77.6986450
12.9153819,77.6986763
12.9155432,77.6986978
12.9153514,77.6992607
12.9149437,77.7003980
12.9144716,77.7016425
12.9144219,77.7017525
12.9146218,77.7018142
12.9151658,77.7022034
12.9151909,77.7029244
12.9151658,77.7033192
12.9157765,77.7038599
12.9162618,77.7042290
12.9166131,77.7045981
12.9168641,77.7048298
12.9176474,77.7048612
12.9180980,77.7049041
12.9182267,77.7049255
12.9186042,77.7050530
12.9189556,77.7051560
12.9192149,77.7052590
12.9191709,77.7053762
12.9190636,77.7053976
12.9189992,77.7053762
12.9186559,77.7053762
12.9181838,77.7053332
12.9171753,77.7052045
12.9168534,77.7052474
12.9168963,77.7053118
12.9172611,77.7056337
12.9185271,77.7068353
12.9190850,77.7072001
12.9199433,77.7081657
12.9208875,77.7088952
12.9214239,77.7092171
12.9215741,77.7092600
12.9220891,77.7096248
12.9222608,77.7097321
12.9223251,77.7096677
12.9222393,77.7099681
12.9222608,77.7106118
12.9221535,77.7120066
12.9220247,77.7124572
12.9219174,77.7124357
12.9216170,77.7125430
12.9215527,77.7126074
12.9214883,77.7129722
12.9212093,77.7131224
12.9204154,77.7132082
12.9199862,77.7132940
12.9197717,77.7131009
12.9195786,77.7126074
12.9194498,77.7117705
12.9193425,77.7116418
12.9190850,77.7114058
12.9188490,77.7113199
12.9188061,77.7112985
12.9187846,77.7112556
12.9184198,77.7113199
12.9177117,77.7114487
12.9175186,77.7114916
12.9171830,77.7115451
12.9169320,77.7118369
12.9160166,77.7118135
12.9151166,77.7118455
12.9146481,77.7119056
12.9144716,77.7119637
12.9145561,77.7123090
12.9145870,77.7123992
12.9143214,77.7124786
12.9138708,77.7125430
12.9129079,77.7126857
12.9129288,77.7130290
12.9126403,77.7136479
12.9123307,77.7146350
12.9129916,77.7150212
12.9139370,77.7156135
12.9147810,77.7167123
12.9154470,77.7177882
12.9158592,77.7179909
12.9159093,77.7182539
12.9158663,77.7186580
12.9157570,77.7193119
12.9156127,77.7198827
12.9154681,77.7205288
12.9156436,77.7212869
12.9158026,77.7219392
12.9155600,77.7223941
12.9155516,77.7232781
12.9157524,77.7246257
12.9161707,77.7249089
12.9169320,77.7252522
12.9173168,77.7255784
12.9176296,77.7259643
12.9177351,77.7262650
12.9181194,77.7291513
12.9182705,77.7310630
12.9186805,77.7339297
12.9187725,77.7346593
12.9189718,77.7349978
12.9191824,77.7353545
12.9191956,77.7364542
12.9125733,77.7106482
12.9124311,77.7095066
12.9120922,77.7077504
12.9118621,77.7073213
12.9115066,77.7069994
12.9103968,77.7062700
12.9092778,77.7058815
12.9080687,77.7055773
12.9097480,77.6869317
12.9091578,77.6884436
12.9087189,77.6897161
12.9083738,77.6910471
12.9079555,77.6925754
12.9064116,77.6981557
12.9060752,77.6991247
12.9041622,77.7026797
12.9014843,77.7077477
12.9006387,77.7096474
12.9445276,77.6625778
12.9459822,77.6743920
12.9456823,77.6753562
12.9453616,77.6758829
12.9440936,77.6801106
12.9444122,77.6787079
12.9440939,77.6798543
12.9154503,77.7036883
12.9260512,77.6644456
12.9260448,77.6654234
12.9270209,77.6653087
12.9264842,77.6644392
12.9261707,77.6648090
12.9264757,77.6648144
12.9268627,77.6648093
12.9267333,77.6632741
12.9268072,77.6653580
12.9015609,77.6548124
12.9015472,77.6550512
12.9015206,77.6552408
12.9015054,77.6553910
12.9014850,77.6556267
12.9014391,77.6558946
12.9014035,77.6561714
12.9013501,77.6564671
12.9012419,77.6570041
12.9013967,77.6570282
12.9012414,77.6581005
12.9012178,77.6583548
12.9011875,77.6585887
12.9006228,77.6585581
12.9194074,77.6710055
12.9213754,77.6718361
12.9034201,77.7039944
12.9004596,77.7102637
12.9003521,77.7106210
12.9002382,77.7109026
12.8997253,77.7116539
12.8994721,77.7120288
12.8976761,77.7175045
12.8943117,77.7249234
12.8932881,77.7270981
12.8929697,77.7276060
12.8899251,77.7314610
12.8891778,77.7325064
12.8878539,77.7350289
12.8877768,77.7352559
12.8877135,77.7355418
12.8871946,77.7404280
12.8871272,77.7410427
12.8870620,77.7413380
12.8869293,77.7417329
12.8832696,77.7523597
12.9188573,77.7348508
12.9122722,77.7142917
12.9121969,77.7145320
12.9137446,77.7154504
12.9145925,77.6854769
12.9225707,77.6618599
12.9239392,77.6717913
12.9013406,77.6609731
12.9011565,77.6616597
12.9011649,77.6617799
12.9011398,77.6619945
12.9009473,77.6625695
12.9008720,77.6629128
12.9007080,77.6633502
12.9001475,77.6646223
12.8999222,77.6649310
12.8996505,77.6658311
12.8994668,77.6661741
12.8992226,77.6670584
12.9434401,77.6974798
12.9484036,77.6991376
12.9487700,77.6992246
12.9490868,77.6992843
12.9516441,77.6997166
12.9545369,77.7004200
12.9221520,77.7308986
12.9215907,77.7304378
12.9205783,77.7297923
12.9203424,77.7285981
12.9201989,77.7263555
12.9205866,77.7241433
12.9209824,77.7225382
12.9216883,77.7195974
12.9221086,77.7178883
12.9245948,77.7168288
12.9263589,77.7159035
12.9287443,77.7139486
12.9295945,77.7124010
12.9310514,77.7111071
12.9315455,77.7103245
12.9318911,77.7092676
12.9324301,77.7081143
12.9339194,77.7081457
12.9359322,77.7078430
12.9377543,77.7005589
12.9230893,77.6674188
12.9235985,77.6673004
12.9241872,77.6670649
12.9455970,77.6983510
12.9228814,77.6695326
12.9254269,77.6697578
12.9262122,77.6697620
12.9265194,77.6697521
12.9272518,77.6697743
12.9273215,77.6714933
12.9273588,77.6720011
12.9247182,77.6719246
12.9247659,77.6716823
12.9251525,77.6717687
12.9252774,77.6713354
12.9303476,77.6787584
12.9297795,77.6789493
12.9301835,77.6809715
12.9303908,77.6828697
12.9314698,77.6830530
12.9315829,77.6832077
12.9316729,77.6834913
12.9317567,77.6838717
12.9317965,77.6846841
12.9485899,77.6994045
12.9470154,77.6989558
12.9458862,77.6985953
12.9437447,77.6978486
12.9431148,77.6975901
12.9399666,77.6957899
12.9145141,77.6724983
12.9189005,77.6728439
12.9199101,77.6730349
12.9166260,77.6733825
12.9153188,77.6787587
12.9153968,77.6781316
12.9148128,77.6778669
12.9176996,77.6750263
12.9183805,77.6751310
12.9224036,77.6759054
12.9220349,77.6776097
12.9222394,77.6761378
12.9206931,77.6759282
12.9200824,77.6758807
12.9201224,77.6754128
12.9220620,77.6678208
12.9241386,77.6647545
12.9230908,77.6680475
12.9257597,77.6691997
12.9251487,77.6703001
12.9250538,77.6707739
12.9262320,77.6703272
12.9262340,77.6704802
12.9272183,77.6693090
12.9272103,77.6689064
12.9273379,77.6687224
12.9273064,77.6682926
12.9272735,77.6703118
12.9260542,77.6710815
12.9278915,77.6718005
12.9273269,77.6716272
12.9277860,77.6708399
12.9284283,77.6693586
12.9288756,77.6693932
12.9288247,77.6679186
12.9288882,77.6703188
12.9288752,77.6720277
12.9285499,77.6719550
12.9282695,77.6719052
12.9282166,77.6706603
12.9282068,77.6723386
12.9186077,77.6695352
12.9273044,77.6725951
12.9120698,77.6664978
12.9235893,77.6554340
12.9230977,77.6569659
12.9220272,77.6600035
12.9219543,77.6602414
12.9207582,77.6646974
12.9218173,77.6602077
12.9218818,77.6599655
12.9229138,77.6571995
12.9234707,77.6553586
12.9207683,77.6642183
12.9206571,77.6652808
12.9207104,77.6654636
12.9087734,77.7057481
12.9383465,77.6978258
12.9167455,77.6990384
12.9243473,77.6949914
12.9288567,77.6947024
12.9313033,77.6950278
12.9318559,77.6957104
12.9321060,77.6963606
12.9266548,77.6895049
12.9273286,77.6892757
12.9278766,77.6892884
12.9282720,77.6865758
12.9281761,77.6859775
12.9287472,77.6858116
12.9288660,77.6856497
12.9294583,77.6852767
12.9019081,77.7066567
12.9016924,77.7068069
12.9007599,77.7069098
12.8999859,77.7069517
12.8994569,77.7069926
12.8992786,77.7070088
12.8989522,77.7070424
12.8986575,77.7070001
12.8984958,77.7069472
12.8984160,77.7069265
12.8980367,77.7069668
12.8976247,77.7068582
12.8969803,77.7070021
12.8962572,77.7070269
12.8958677,77.7070253
12.8955254,77.7070977
12.8951872,77.7070402
12.8939469,77.7071687
12.8926927,77.7073211
12.8922663,77.7073320
12.8914501,77.7074406
12.8906088,77.7075349
12.8900105,77.7076584
12.8896953,77.7076681
12.8891073,77.7077362
12.8883837,77.7077619
12.8878934,77.7078264
12.8876560,77.7079030
12.8874680,77.7076471
12.8875161,77.7076239
12.8874618,77.7075879
12.8872749,77.7076255
12.8869926,77.7076443
12.8869736,77.7076616
12.8868729,77.7076999
12.8865999,77.7077017
12.8865611,77.7076922
12.8864281,77.7077203
12.8862928,77.7077311
12.8857240,77.7075141
12.8853863,77.7074106
12.8851893,77.7072710
12.8848781,77.7071583
12.9071771,77.6955602
12.8908934,77.6957181
12.8913771,77.6953721
12.8917955,77.6948142
12.8920151,77.6943743
12.8924857,77.6945889
12.8928099,77.6946640
12.8931028,77.6944816
12.8932283,77.6940095
12.8950480,77.6943207
12.8953408,77.6944172
12.8957696,77.6943100
12.8976684,77.6949780
12.8983328,77.6949713
12.8988452,77.6950043
12.8996810,77.6952434
12.9013543,77.6956725
12.9027452,77.6958656
12.9034249,77.6959622
12.9039478,77.6958978
12.9042825,77.6957154
12.9049989,77.6956886
12.9056838,77.6955223
12.9068342,77.6955438
12.9181779,77.7343209
12.9170903,77.7342136
12.9164943,77.7340741
12.9141936,77.7343638
12.9133570,77.7338596
12.9129552,77.7337271
12.9116211,77.7331944
12.9108786,77.7321108
12.9091217,77.7306516
12.9089021,77.7300937
12.9086511,77.7298792
12.9082433,77.7296753
12.9076995,77.7296539
12.9052039,77.7301397
12.9065387,77.7263708
12.9065282,77.7262850
12.9054406,77.7258129
12.9053255,77.7245469
12.9028784,77.7242894
12.9023764,77.7240534
12.9013934,77.7232273
12.9006540,77.7228426
12.9006509,77.7221759
12.9001489,77.7214356
12.8997724,77.7212961
12.8993122,77.7214034
12.8991135,77.7213712
12.8984063,77.7210887
12.8977149,77.7210456
12.8976494,77.7209421
12.8976150,77.7207035
12.8974165,77.7206147
12.8968650,77.7204914
12.8967395,77.7204056
12.8965498,77.7202633
12.9075311,77.6661979
12.9074683,77.6665412
12.9061088,77.6666056
12.9056487,77.6675712
12.9057533,77.6680218
12.9060252,77.6684081
12.9055232,77.6694380
12.9055650,77.6698672
12.9051645,77.6699752
12.9437374,77.6805226
12.9434431,77.6814233
12.9430755,77.6821267
12.9425710,77.6831084
12.9424351,77.6834490
12.9420508,77.6841303
12.9411280,77.6857450
12.9410052,77.6859784
12.9393640,77.6891953
12.9395053,77.6900023
12.9397792,77.6904758
12.9399268,77.6907608
12.9400697,77.6928815
12.9350464,77.6909260
12.9332555,77.6889987
12.9320133,77.6876193
12.9299821,77.6852486
12.9297588,77.6849427
12.9295629,77.6845636
12.9292393,77.6838282
12.9289200,77.6831402
12.9278387,77.6808416
12.9256058,77.6761182
12.9107764,77.6988022
12.9107032,77.6991563
12.9098561,77.7013557
12.9097695,77.7015896
12.9099787,77.7017971
12.9099144,77.7020520
12.9097934,77.7025359
12.9088678,77.7054789
12.9087363,77.7055965
12.9196286,77.6933608
12.9195045,77.6925720
12.9196325,77.6920495
12.9219695,77.6945580
12.9396791,77.7236830
12.9396262,77.7232246
12.9395363,77.7225195
12.9393249,77.7215214
12.9392613,77.7204745
12.9391319,77.7193489
12.9389476,77.7178244
12.9388411,77.7173879
12.9387071,77.7171378
12.9383442,77.7158474
12.9380910,77.7150490
12.9381529,77.7147560
12.9379117,77.7133393
12.9379160,77.7128612
12.9381786,77.7111855
12.9381914,77.7109675
12.9380939,77.7108744
12.9378712,77.7107848
12.9368564,77.7105616
12.9366164,77.7104780
12.9365414,77.7101987
12.9364694,77.7095311
12.9363179,77.7084478
12.9395776,77.7290765
12.9395971,77.7282775
12.9395855,77.7277272
12.9394809,77.7274053
12.9395227,77.7268259
12.9397214,77.7250418
12.9397423,77.7241974
12.9198744,77.7248089
12.9191633,77.7252703
12.9188077,77.7254741
12.9184417,77.7256136
12.9177835,77.7258357
12.9252023,77.6669822
12.9275924,77.6850790
12.9276764,77.6849253
12.9277535,77.6848436
12.9278403,77.6847833
12.9279370,77.6847531
12.9280475,77.6847380
12.9281565,77.6847363
12.9274337,77.6854679
12.9201268,77.6855445
12.9220381,77.6856148
12.9222778,77.6856471
12.9233424,77.6859327
12.9242557,77.6859799
12.9252503,77.6859303
12.9259903,77.6857892
12.9260892,77.6857837
12.9270034,77.6857476
12.9197389,77.6890143
12.9200459,77.6878912
12.9221358,77.6879823
12.9221357,77.6891072
12.9200223,77.6889376
12.8842413,77.7068983
12.9360611,77.6864118
12.9369824,77.6857490
12.9371199,77.6860618
12.9378972,77.6868398
12.9381740,77.6878544
12.9311015,77.6847228
12.9293795,77.6841189
12.9246653,77.6742636
12.9240893,77.6747050
12.9234602,77.6740994
12.9228086,77.6740679
12.9234417,77.6744350
12.9250451,77.6750387
12.9242713,77.6733972
12.9238739,77.6724745
12.9227759,77.6700927
12.9239115,77.6742002
12.9238919,77.6741128
12.9195583,77.6945007
12.9194378,77.6966865
12.9198063,77.6889002
12.9221415,77.6890110
12.9110403,77.6979665
12.9085684,77.7056441
12.9175948,77.7259183
12.9204715,77.7243789
12.8922354,77.7286090
12.9501941,77.6997236
12.9316414,77.6862670
12.8911437,77.6955333
12.9520254,77.6998060
12.9520018,77.6999240
12.9153530,77.6649317
12.9149395,77.6647646
12.9207870,77.6649633
12.9208506,77.6653348
12.9236114,77.6547147
12.9147492,77.6670313
12.9211882,77.6632469
12.9212780,77.6629056
12.9483545,77.6993549
12.9477789,77.6991944
12.9492324,77.6995248
12.9478200,77.6991016
12.9489098,77.6994638
12.9265111,77.6621526
12.9264903,77.6620296
12.9265695,77.6624124
12.9438352,77.6804065
12.9502273,77.6996083
12.9311522,77.7249775
12.9293641,77.7186690
12.9347096,77.7279317
12.9266872,77.7168343
12.9337037,77.7272199
12.9280779,77.7180467
12.9302530,77.7214585
12.9320306,77.7259431
12.9305771,77.7240656
12.9257599,77.7162723
12.9115355,77.6825999
12.9138266,77.6831333
12.9090330,77.6869227
12.9086268,77.6867832
12.9081132,77.6867508
12.9064292,77.6867356
12.9061106,77.6867711
12.9057041,77.6868761
12.9054677,77.6869372
12.9037429,77.6871872
12.9035297,77.6872575
12.9034993,77.6874372
12.9030690,77.6873903
12.9031695,77.6868750
12.9031718,77.6868630
12.9032289,77.6864216
12.9031947,77.6858826
12.9044587,77.6856052
12.9049766,77.6855662
12.9050946,77.6856052
12.9051510,77.6859882
12.9051671,77.6860974
12.9052211,77.6864645
12.9053782,77.6875313
12.9054753,77.6881911
12.9059551,77.6859646
12.9055474,77.6860333
12.9059208,77.6874568
12.9062330,77.6873591
12.9060274,77.6881091
12.9063367,77.6862319
12.9081025,77.6863904
12.9086127,77.6872654
12.9081469,77.6867518
12.9081588,77.6873243
12.9076801,77.6873186
12.9066054,77.6873058
12.9076866,77.6867517
12.9076982,77.6859252
12.9067409,77.6858789
12.9062713,77.6859716
12.9306384,77.6755136
12.9305956,77.6755657
12.9306835,77.6755130
12.9305989,77.6757276
12.9305965,77.6756144
12.9299978,77.6714797
12.9299769,77.6716084
12.9300639,77.6711847
12.9300427,77.6713019
12.9297917,77.6723532
12.9297828,77.6722858
12.9297648,77.6721938
12.9297469,77.6721080
12.9297678,77.6720222
12.9298156,77.6719486
12.9298754,77.6718444
12.9299441,77.6717525
12.9297559,77.6728926
12.9297380,77.6728375
12.9297320,77.6727578
12.9297170,77.6727087
12.9297170,77.6726597
12.9297439,77.6725984
12.9297499,77.6725248
12.9297648,77.6724298
12.9300128,77.6731715
12.9300576,77.6732696
12.9300636,77.6733707
12.9300636,77.6734443
12.9297768,77.6729509
12.9298276,77.6730213
12.9299052,77.6730612
12.9299650,77.6731102
12.9301233,77.6739071
12.9301263,77.6740512
12.9301442,77.6741521
12.9301412,77.6743362
12.9300695,77.6735209
12.9300875,77.6735792
12.9301024,77.6736742
12.9301054,77.6737539
12.9303593,77.6747377
12.9302966,77.6747070
12.9304937,77.6748112
12.9304220,77.6747745
12.9301448,77.6745587
12.9301442,77.6744710
12.9288531,77.6712050
12.9301945,77.6746767
12.9301579,77.6746231
12.9307523,77.6751552
12.9307539,77.6753488
12.9306192,77.6749277
12.9305774,77.6748756
12.9307028,77.6750687
12.9306610,77.6749951
12.9464326,77.6730306
12.9464570,77.6731470
12.9088682,77.6804345
12.9123188,77.6812227
12.9120159,77.6810763
12.9114855,77.6809210
12.9088850,77.6808599
12.9111162,77.6808564
12.9458676,77.7091257
12.9473709,77.6987188
12.9313757,77.6932653
12.9342616,77.6906886
12.9321057,77.6918253
12.9347613,77.6904559
12.9256839,77.6644341
12.9237050,77.6653768
12.9272170,77.6691980
12.9024660,77.6870697
12.9024078,77.6854789
12.9069865,77.6834624
12.9032936,77.6849913
12.9024674,77.6853400
12.9026191,77.6852756
12.9048467,77.6845286
12.9024818,77.6866208
12.9060571,77.6840712
12.9067382,77.6835845
12.9023173,77.6873694
12.9097296,77.6840387
12.9068977,77.6834745
12.9051434,77.6845085
12.9086200,77.6837606
12.9056989,77.6842885
12.9053982,77.6844723
12.9024429,77.6871875
12.9076493,77.6835362
12.9046296,77.6845889
12.9083212,77.6836744
12.9071905,77.6834692
12.9043478,77.6820314
12.9076360,77.6822753
12.9058585,77.6821439
12.9052834,77.6820994
12.9071709,77.6822366
12.9088009,77.6827334
12.9064982,77.6821832
12.9072388,77.6809026
12.9076898,77.6813187
12.9066035,77.6806973
12.9082589,77.6825056
12.9059708,77.6805123
12.9058035,77.6828455
12.9052349,77.6831285
12.9048235,77.6820640
12.9053904,77.6805230
12.9044621,77.6802454
12.9036293,77.6801997
12.9047536,77.6831175
12.9048988,77.6804452
12.9042927,77.6830441
12.9076942,77.6862661
12.9108136,77.6795778
12.9108004,77.6800732
12.9108170,77.6788403
12.9119657,77.6803616
12.9114750,77.6802042
12.9100579,77.6788419
12.9093469,77.6781632
12.9117566,77.6809915
12.9100526,77.6781679
12.9093704,77.6762647
12.9101609,77.6819052
12.9092559,77.6818682
12.9101606,77.6808931
12.9102374,77.6769932
12.9105393,77.6766084
12.9100806,77.6777388
12.9101381,77.6773418
12.9206788,77.6656607
12.9210582,77.6664645
12.9217635,77.6679443
12.9219607,77.6681224
12.9230050,77.6705905
12.9231010,77.6705435
12.9346699,77.6905163
12.9378264,77.6939706
12.9386892,77.6948516
12.9393948,77.6954132
12.9364035,77.6929090
12.9346634,77.6950528
12.9372129,77.6937443
12.9363274,77.6950009
12.9335350,77.6950147
12.9346634,77.6949508
12.9365879,77.6949346
12.9335454,77.6949181
12.9364842,77.6948698
12.9364350,77.6928010
12.9365654,77.6949947
12.9364802,77.6927329
12.9363995,77.6930260
12.9365985,77.6926245
12.9367475,77.6938661
12.9356698,77.6949726
12.9369569,77.6937015
12.9366057,77.6934441
12.9364736,77.6949117
12.9374122,77.6936775
12.9363978,77.6951093
12.9366481,77.6938481
12.9366821,77.6935202
12.9374871,77.6936053
12.9367448,77.6935744
12.9356672,77.6950903
12.9342086,77.7038947
12.9345083,77.7038526
12.9257199,77.7002573
12.9365482,77.7049146
12.9284489,77.7025061
12.9364831,77.7037605
12.9357375,77.7063748
12.9278685,77.7024417
12.9336413,77.7038920
12.9308592,77.7033590
12.9268647,77.6969700
12.9268281,77.6978927
12.9265823,77.6986169
12.9366487,77.7045773
12.9263314,77.6991694
12.9358423,77.7070331
12.9267653,77.6981341
12.9327571,77.7038257
12.9269117,77.6966106
12.9271156,77.6962405
12.9355487,77.7057561
12.9276490,77.7024042
12.9281875,77.7024578
12.9274084,77.7020662
12.9305612,77.7032504
12.9270320,77.6964282
12.9268542,77.6977103
12.9269640,77.6964926
12.9272214,77.6947668
12.9271000,77.6963477
12.9271522,77.7018355
12.9355527,77.7060202
12.9275705,77.7023130
12.9324957,77.7037828
12.9266033,77.7012776
12.9263495,77.7288319
12.9294682,77.7181809
12.9301427,77.7159117
12.9296774,77.7174138
12.9298917,77.7167218
12.9315282,77.7121727
12.9316111,77.7107131
12.9308216,77.7141731
12.9315700,77.7119904
12.9316223,77.7117168
12.9299545,77.7165501
12.9311980,77.7131002
12.9311876,77.7133202
12.9312406,77.7129559
12.9311420,77.7134817
12.9312825,77.7127950
12.9293793,77.7185725
12.9316119,77.7118455
12.9316485,77.7115934
12.9316014,77.7108263
12.9315909,77.7106332
12.9314080,77.7125000
12.9314707,77.7123229
12.9303414,77.7153914
12.9316746,77.7110838
12.9316798,77.7112340
12.9316380,77.7109282
12.9300687,77.7161365
12.9315805,77.7105205
12.9309583,77.7138625
12.9314968,77.7104937
12.9316790,77.7113514
12.9313497,77.7126335
12.9302099,77.7156752
12.9295571,77.7177947
12.9298656,77.7170168
12.9300224,77.7163731
12.9316738,77.7115070
12.9261535,77.6916617
12.9267902,77.6855406
12.9277594,77.6845671
12.9281212,77.6844961
12.9278613,77.6845290
12.9268957,77.6854625
12.9268506,77.6855036
12.9293095,77.6845078
12.9279725,77.6845031
12.9377174,77.7078722
12.9423946,77.6537994
12.9430676,77.6549032
12.9420060,77.6540584
12.9459147,77.6490820
12.9430162,77.6554753
12.9429750,77.6568401
12.9451114,77.6503615
12.9450063,77.6505745
12.9443753,77.6528094
12.9438361,77.6535915
12.9436300,77.6536072
12.9435461,77.6537519
12.9376101,77.7010264
12.9280548,77.6879336
12.9166556,77.6990809
12.9317168,77.6954066
12.9292703,77.6853568
12.9265697,77.6895795
12.9263015,77.6948629
12.9195773,77.6966014
12.9282472,77.6868450
12.9295672,77.6947086
12.9260396,77.6921202
12.9202491,77.6963319
12.9313320,77.6934898
12.9252766,77.6948121
12.9281408,77.6874709
12.9164908,77.6990522
12.9315582,77.6952158
12.9279493,77.6887390
12.9247362,77.6948717
12.9199218,77.6964644
12.9428379,77.6879992
12.9441828,77.6897303
12.9461014,77.6912308
12.9444035,77.6887579
12.9444015,77.6900622
12.9438536,77.6876682
12.9467687,77.6912246
12.9443346,77.6876206
12.9433740,77.6894512
12.9468578,77.6899855
12.9443946,77.6884853
12.9441244,77.6895423
12.9450178,77.6875405
12.9437816,77.6892564
12.9468370,77.6897278
12.9453290,77.6906802
12.9449987,77.6884975
12.9449939,77.6895732
12.9449934,77.6898499
12.9440423,77.6893423
12.9471490,77.6886025
12.9429591,77.6887951
12.9450136,77.6877774
12.9448967,77.6904163
12.9315471,77.6770711
12.9428888,77.6894791
12.9431991,77.6799309
12.9388170,77.6877082
12.9324943,77.6768604
12.9322400,77.6768205
12.9308072,77.6783512
12.9373574,77.6862096
12.9435186,77.6812363
12.9427300,77.6796846
12.9323777,77.6768740
12.9352756,77.6765716
12.9450139,77.6768691
12.9372187,77.6772153
12.9369994,77.6771853
12.9308732,77.6780064
12.9389994,77.6778689
12.9320768,77.6767590
12.9439244,77.6892352
12.9454874,77.6708899
12.9437445,77.6802983
12.9371785,77.6861373
12.9327041,77.6767624
12.9436595,77.6802267
12.9425537,77.6795322
12.9323277,77.6768592
12.9356726,77.6765844
12.9374119,77.6863153
12.9325464,77.6768410
12.9440728,77.6799708
12.9365705,77.6770914
12.9397391,77.6783317
12.9368287,77.6771213
12.9307660,77.6784640
12.9464736,77.6730700
12.9376767,77.6772238
12.9227243,77.6745408
12.9212644,77.6760003
12.9321908,77.6917309
12.9198743,77.6917214
12.9231082,77.6917418
12.9199258,77.6893064
12.9219777,77.6934639
12.9220852,77.6904997
12.9237521,77.6899890
12.9241204,77.6946307
12.9221256,77.6893841
12.9198412,77.6923738
12.9220201,77.6922932
12.9220418,77.6916964
12.9199088,77.6898577
12.9198197,77.6929785
12.9197942,77.6935767
12.9220380,77.6918018
12.9235757,77.6905537
12.9208045,77.6941699
12.9220636,77.6910955
12.9219579,77.6940089
12.9221058,77.6899297
12.9220147,77.6924428
12.9219926,77.6930520
12.9219982,77.6928990
12.9198904,77.6904174
12.9233854,77.6911527
12.9240696,77.6940957
12.9241165,77.6935498
12.9219709,77.6936503
12.9241629,77.6929748
12.9241170,77.6923629
12.9199088,77.6910210
12.9235846,77.6894357
12.9219781,77.6942046
12.9077428,77.7225077
12.9103087,77.7180110
12.9089181,77.7206917
12.9087476,77.7213389
12.9073519,77.7227853
12.9092457,77.7190991
12.9072526,77.7229231
12.9106204,77.7167511
12.9113982,77.7146660
12.9117406,77.7143213
12.9088221,77.7193721
12.9087979,77.7213169
12.9069320,77.7244680
12.9087715,77.7195637
12.9068605,77.7245193
12.9096772,77.7187219
12.9115861,77.7143322
12.9054484,77.7243259
12.9089135,77.7204648
12.9082458,77.7218955
12.9087716,77.7194653
12.9085051,77.7213031
12.9076107,77.7226039
12.9106577,77.7164408
12.9088291,77.7212670
12.8833500,77.6722491
12.8857677,77.6723943
12.9056609,77.6757591
12.9140989,77.6826227
12.9426227,77.6715858
12.9440918,77.6710976
12.9416281,77.6559555
12.9442800,77.6710493
12.9435572,77.6712440
12.9427626,77.6715391
12.9416653,77.6580874
12.9444473,77.6709045
12.9443676,77.6709919
12.9365060,77.7157719
12.9358561,77.7155971
12.9370191,77.7004546
12.9324697,77.7134545
12.9345968,77.7045518
12.9334609,77.7048603
12.9324106,77.7079045
12.9324852,77.7077899
12.9327309,77.7072374
12.9337661,77.7064059
12.9323440,77.7080635
12.9330080,77.7066795
12.9399021,77.7031075
12.9335347,77.7064668
12.9347209,77.7049930
12.9386689,77.7024998
12.9344863,77.7054047
12.9399877,77.7046732
12.9366508,77.7158760
12.9398884,77.7029405
12.9380535,77.7155037
12.9372263,77.7020877
12.9379490,77.7155895
12.9402583,77.7032830
12.9344863,77.7137946
12.9353019,77.7138912
12.9332955,77.7065025
12.9345924,77.7138193
12.9328237,77.7069496
12.9399668,77.7010308
12.9394536,77.7040668
12.9384454,77.7042709
12.9351514,77.7058497
12.9336079,77.7137517
12.9334317,77.7137549
12.9393812,77.7042012
12.9398570,77.7049736
12.9394701,77.7028946
12.9388114,77.7047590
12.9351555,77.7137839
12.9357370,77.7051669
12.9347619,77.7051049
12.9356381,77.7147956
12.9363991,77.7017531
12.9356365,77.7150177
12.9356156,77.7144920
12.9355440,77.7142699
12.9353841,77.7050998
12.9333151,77.7137517
12.9376039,77.7158148
12.9354185,77.7140446
12.9381829,77.7153537
12.9353946,77.7047243
12.9385761,77.7033428
12.9353815,77.7049443
12.9396811,77.7036440
12.9354441,77.7045072
12.9331857,77.7065669
12.9366976,77.7017399
12.9393080,77.7044962
12.9330448,77.7137013
12.9337439,77.7137302
12.9328253,77.7136047
12.9355716,77.7044562
12.9318887,77.7036256
12.9338709,77.7137227
12.9355985,77.7044668
12.9356940,77.7044739
12.9357594,77.7045329
12.9334152,77.7052988
12.9368824,77.7159436
12.9342719,77.7062629
12.9358117,77.7046322
12.9340693,77.7053706
12.9384872,77.7038149
12.9353476,77.7057288
12.9337929,77.7049139
12.9322715,77.7046537
12.9363371,77.7156614
12.9362012,77.7156507
12.9351608,77.7057684
12.9392558,77.7048395
12.9326950,77.7047288
12.9357945,77.7051347
12.9391198,77.7008484
12.9360130,77.7156614
12.9358521,77.7047216
12.9326475,77.7135296
12.9348957,77.7138622
12.9338106,77.7058961
12.9315486,77.7050614
12.9343504,77.7137946
12.9353921,77.7052794
12.9377921,77.7157397
12.9313509,77.7132507
12.9341726,77.7138268
12.9370586,77.7159511
12.9335354,77.7044673
12.9331792,77.7137517
12.9399028,77.7032321
12.9367357,77.7003815
12.9358547,77.7048236
12.9395381,77.7009342
12.9326041,77.7074968
12.9326734,77.7073554
12.9346954,77.7138161
12.9325747,77.7047074
12.9347422,77.7054515
12.9405825,77.7020975
12.9377299,77.7006381
12.9356365,77.7152001
12.9390758,77.7027003
12.9340053,77.7137517
12.9357306,77.7154147
12.9320724,77.7134009
12.9373096,77.7158653
12.9358547,77.7049738
12.9353908,77.7054261
12.9401289,77.7020715
12.9317466,77.7133440
12.9358233,77.7050757
12.9315391,77.7132936
12.9317352,77.7043088
12.9192201,77.7354283
12.9192106,77.7358255
12.9185799,77.7344780
12.9001466,77.6731834
12.9001231,77.6735590
12.9014210,77.6739544
12.9014460,77.6732746
12.9014251,77.6736582
12.9000095,77.6754732
12.9001048,77.6738486
12.9416914,77.6549614
12.8981477,77.6582731
12.9359201,77.7075622
12.9359003,77.7074016
12.9531761,77.7000909
12.9395703,77.7260715
12.9381354,77.7143041
12.9267369,77.6724448
12.9222956,77.7311092
12.9304769,77.6830182
12.9322475,77.7086469
12.9323734,77.7082100
12.9355339,77.7059226
12.9356509,77.7057414
12.9358031,77.7067704
12.9359632,77.7057119
12.9392031,77.6951908
12.9416167,77.6966095
12.9394503,77.6952597
12.9412512,77.6962574
12.9391532,77.6948915
12.9374131,77.6933901
12.9398506,77.6968681
12.9396159,77.6966876
12.9331072,77.7027099
12.9400144,77.6978730
12.9384557,77.7065509
12.9371345,77.7069305
12.9400334,77.6974785
12.9351430,77.7008021
12.9334173,77.7082085
12.9372559,77.7068432
12.9399040,77.7064275
12.9398230,77.6978449
12.9406568,77.6979895
12.9382205,77.7065670
12.9400080,77.6969451
12.9390131,77.6963264
12.9406464,77.7045392
12.9426017,77.6998936
12.9332411,77.7082106
12.9426331,77.6997971
12.9326390,77.7081012
12.9398218,77.6968425
12.9339960,77.7017068
12.9337660,77.7021091
12.9427476,77.6992648
12.9402176,77.7055531
12.9418013,77.6986268
12.9370444,77.7069318
12.9331909,77.7009129
12.9349502,77.7021767
12.9395272,77.6977787
12.9397889,77.7065723
12.9350141,77.7017212
12.9219675,77.7181259
12.9427580,77.6995066
12.9398775,77.7065219
12.9427638,77.6993950
12.9396896,77.7066474
12.9394648,77.7068459
12.9374977,77.7067172
12.9421677,77.7016639
12.9401079,77.6972050
12.9413522,77.7031552
12.9179273,77.7273549
12.9211053,77.7221385
12.9212700,77.7218701
12.9391615,77.7068781
12.9426779,77.6991857
12.9389995,77.7068245
12.9401446,77.6969846
12.9331177,77.7009129
12.9348991,77.7038305
12.9389390,77.6976097
12.9425384,77.7003863
12.9370276,77.7065404
12.9408973,77.6969835
12.9395955,77.7067440
12.9387903,77.7067333
12.9427219,77.6996683
12.9398877,77.7062818
12.9424762,77.7008270
12.9396814,77.6978242
12.9385969,77.7066206
12.9385295,77.6974463
12.9213458,77.7216734
12.9342669,77.7021377
12.9417468,77.7024632
12.9350851,77.7012150
12.9402657,77.6972861
12.9393132,77.7068835
12.9401888,77.6979132
12.9423821,77.7011543
12.9439532,77.7124475
12.9441233,77.7135875
12.9445858,77.7130366
12.9446284,77.7129575
12.9446457,77.7129064
12.9427148,77.6971235
12.9212054,77.6662611
12.9211491,77.6625839
12.9302220,77.6851119
12.9206326,77.6649773
12.9208011,77.6656950
12.9212024,77.6625882
12.9237425,77.6546450
12.9206777,77.6645539
12.9190751,77.7351169
12.9059895,77.6926861
12.9078182,77.6930831
12.9061542,77.6927210
12.9272354,77.6731295
12.9283262,77.6734951
12.9315494,77.6865467
12.9274245,77.6791662
12.9299530,77.6850404
12.9276132,77.6795806
12.9407824,77.6865990
12.9313740,77.6863535
12.9271830,77.6786799
12.9298725,77.6844836
12.9292707,77.6830124
12.9309915,77.6859410
12.9302866,77.6850508
12.9300065,77.6845236
12.9321109,77.6872324
12.9278478,77.6800550
12.9284953,77.6816298
12.9384626,77.7024378
12.9429462,77.6973929
12.9485568,77.6993000
12.9431597,77.6973575
12.9479427,77.6990227
12.9429227,77.6972426
12.9432083,77.6975061
12.9458825,77.6983397
12.9430700,77.6974505
12.9475079,77.6988916
12.9467376,77.6987508
12.9167106,77.6691903
12.9167556,77.6699666
12.9171865,77.6701747
12.9179464,77.6705835
12.9175891,77.6687156
12.9174536,77.6703609
12.9181703,77.6708053
12.9184680,77.6690224
12.9162558,77.6696892
12.9166458,77.6700417
12.9175603,77.6687424
12.9180471,77.6704226
12.9168283,77.6699548
12.9184544,77.6689865
12.9172863,77.6694575
12.9166040,77.6700283
12.9184387,77.6691367
12.9167603,77.6692038
12.9166746,77.6692102
12.9162720,77.6695884
12.9182886,77.6697737
12.9172556,77.6694987
12.9167974,77.6699478
12.9162458,77.6696367
12.9180126,77.6705019
12.9166850,77.6700149
12.9171950,77.6695051
12.9177119,77.6704885
12.9185072,77.6698416
12.9182192,77.6706814
12.9173041,77.6701640
12.9174270,77.6701398
12.9172569,77.6702238
12.9183563,77.6697953
12.9180439,77.6706209
12.9173334,77.6701356
12.9173878,77.6701264
12.9174793,77.6702686
12.9174510,77.6701570
12.9174766,77.6701774
12.9174845,77.6702284
12.9259920,77.6654209
12.9252618,77.6681191
12.9252149,77.6672381
12.9263104,77.6670098
12.9258032,77.6665162
12.9263626,77.6677425
12.9252281,77.6674014
12.9252326,77.6663392
12.9258371,77.6663207
12.9261222,77.6663124
12.9257614,77.6681095
12.9396115,77.6982111
12.9206606,77.6653111
12.8942212,77.7053332
12.8948966,77.7010995
12.9219951,77.6954009
12.9204850,77.7136683
12.9205433,77.7137498
12.9204850,77.7141082
12.9204484,77.7143013
12.9207368,77.7143506
12.9212439,77.7144526
12.9214209,77.7144783
12.9216361,77.7145491
12.9218863,77.7150094
12.9220379,77.7154439
12.9221477,77.7160394
12.9221694,77.7165286
12.9224413,77.7166412
12.9147916,77.6998402
12.9164526,77.6990379
12.9202393,77.7134430
12.9104197,77.7009102
12.9106948,77.7319582
12.9225894,77.7166644
12.9225827,77.7168640
12.9225156,77.7172530
12.9224384,77.7175628
12.9223444,77.7176523
12.9222471,77.7177832
12.9200851,77.7132742
12.9134812,77.6998495
12.9133975,77.7001365
12.9133042,77.7006985
12.9131738,77.7012249
12.9130524,77.7011746
12.9123635,77.7009082
12.9123309,77.7010136
12.9121807,77.7014579
12.9116537,77.7013221
12.9111021,77.7011558
12.9101668,77.7015076
12.9100419,77.7015782
12.9151451,77.6998411
12.9138001,77.6998495
12.9221903,77.7163569
12.9026354,77.6934879
12.8994215,77.6860778
12.8992979,77.6877630
12.9028265,77.6936636
12.8996081,77.6878166
12.8999122,77.6881014
12.9038209,77.6938414
12.9052021,77.6940302
12.9051595,77.6948767
12.9051717,77.6956153
12.9014168,77.6883027
12.9016086,77.6883737
12.9016921,77.6885890
12.9013721,77.6908826
12.9014145,77.6919557
12.9016325,77.6888552
12.9013816,77.6893649
12.9012523,77.6899120
12.9017241,77.6927416
12.8976925,77.6817232
12.9020378,77.6929602
12.9024195,77.6930675
12.9025576,77.6932202
12.9148452,77.6829197
12.8995114,77.6841916
12.9023941,77.6872715
12.9020555,77.6875259
12.9141800,77.6843593
12.9024781,77.6867820
12.8987521,77.6837252
12.9124268,77.6842034
12.9129331,77.6843314
12.9008307,77.6838835
12.9125848,77.6845046
12.9110750,77.6835849
12.9019348,77.6875980
12.9012839,77.6838987
12.9017400,77.6879385
12.9017086,77.6881746
12.9016759,77.6882605
12.8996904,77.6878625
12.8994804,77.6877820
12.8992687,77.6877121
12.8992511,77.6876230
12.8993387,77.6877843
12.8987770,77.6833120
12.8994939,77.6849411
12.8994824,77.6847839
12.8995339,77.6839720
12.8996000,77.6833359
12.8996523,77.6833145
12.9008751,77.6834061
12.9012236,77.6834057
12.9002424,77.6842563
12.9012542,77.6833739
12.9012594,77.6833149
12.9012647,77.6832639
12.9012934,77.6832210
12.9013405,77.6832210
12.9024123,77.6837596
12.9018712,77.6876681
12.9017962,77.6877535
12.9024309,77.6842846
12.9024472,77.6850659
12.9024778,77.6852219
12.9025092,77.6852809
12.9132654,77.6838115
12.9025516,77.6853043
12.9024268,77.6853788
12.9024273,77.6856338
12.9145656,77.6836586
12.9012830,77.6834651
12.9012916,77.6835451
12.9012908,77.6838245
12.9147580,77.6829307
12.8998347,77.6879961
12.8994985,77.6848392
12.9023966,77.6832232
12.8995783,77.6833766
12.9012437,77.6843341
12.9116428,77.6838453
12.8995471,77.6837945
12.8987887,77.6831164
12.9072216,77.7054083
12.9048185,77.7081839
12.9058188,77.7083210
12.9050695,77.7082268
12.9060750,77.7089969
12.9059846,77.7086345
12.9059861,77.7088628
12.9062214,77.7090183
12.9033612,77.7077684
12.9045325,77.7081010
12.9059861,77.7087608
12.9060107,77.7089349
12.9064552,77.7090529
12.9086507,77.7056793
12.9059077,77.7083639
12.9088343,77.7057953
12.9059495,77.7084765
12.9089143,77.7058531
12.9090585,77.7058575
12.9100748,77.7061304
12.9088212,77.7055427
12.9086621,77.7056094
12.9087733,77.7055803
12.9096114,77.7059551
12.9072358,77.7057287
12.9171318,77.7254216
12.9174215,77.7254120
12.9178434,77.7253769
12.9184500,77.7252642
12.9189378,77.7251438
12.9191245,77.7250872
12.9194957,77.7248780
12.9198355,77.7246419
12.9205309,77.7242100
12.9051732,77.7217992
12.9025947,77.7152033
12.9024797,77.7151362
12.9023914,77.7149542
12.9023235,77.7148201
12.9055726,77.7223326
12.9022215,77.7146860
12.9018372,77.7145921
12.9003750,77.7141867
12.9035653,77.7191948
12.9028464,77.7185028
12.9027575,77.7182051
12.9027934,77.7176897
12.9028718,77.7168341
12.9037536,77.7193879
12.9028954,77.7163673
12.9028980,77.7158255
12.9029013,77.7153190
12.9028882,77.7154504
12.9056634,77.7242698
12.9040281,77.7199351
12.8988613,77.7137145
12.9047183,77.7211099
12.9031705,77.7189936
12.9029947,77.7188618
12.9039072,77.7196343
12.9043549,77.7206351
12.9056981,77.7236951
12.9056909,77.7229097
12.9056824,77.7242101
12.9252471,77.6661143
12.9231963,77.6645371
12.9259697,77.6662101
12.9204596,77.6652807
12.9205226,77.6656108
12.9204369,77.6656277
12.9211105,77.6636365
12.9257643,77.6677384
12.9205222,77.6648998
12.9268478,77.6644341
12.9268687,77.6645843
12.9107158,77.6845102
12.9199587,77.6809280
12.9200079,77.6813293
12.9201629,77.6800603
12.9202667,77.6797808
12.9204748,77.6788852
12.9204811,77.6786972
12.9205940,77.6781902
12.9208864,77.6773400
12.9207343,77.6770071
12.9207621,77.6767484
12.9210894,77.6761676
12.9154430,77.6906965
12.9197286,77.6826076
12.9157217,77.6981096
12.9109531,77.6995579
12.9106030,77.6994165
12.9153612,77.6892304
12.9161086,77.6966182
12.9156980,77.6937175
12.9169730,77.6894229
12.9174974,77.6883073
12.9200764,77.6824810
12.9273361,77.6797710
12.9277356,77.6806210
12.9279317,77.6810354
12.9051431,77.7300766
12.9051605,77.7300022
12.9051665,77.7301115
12.9052647,77.7301368
12.9053197,77.7301309
12.9054625,77.7300962
12.9438252,77.6630835
12.9441075,77.6638130
12.9442539,77.6625256
12.9438796,77.6634686
12.9440552,77.6627294
12.9445199,77.6639688
12.9311090,77.6866076
12.9428901,77.6986201
12.9427907,77.6990546
12.9424764,77.6973458
12.9424895,77.6976167
12.9424085,77.6975255
12.9415902,77.6978957
12.9432664,77.6981883
12.9438331,77.6977455
12.9425059,77.6973069
12.9423431,77.6980808
12.9418368,77.6968664
12.9426874,77.6972615
12.9430442,77.6984055
12.9428175,77.6973299
12.9424189,77.6979869
12.9413390,77.6978364
12.9424137,77.6974907
12.9418963,77.6967801
12.9425258,77.6976272
12.9424424,77.6974102
12.9426432,77.6973539
12.9424163,77.6975711
12.9427637,77.6992737
12.9427741,77.6991762
12.9424611,77.6972729
12.9424477,77.6975953
12.9374551,77.6931763
12.9428168,77.6988212
12.9422174,77.6980778
12.9423719,77.6980593
12.9422853,77.6980939
12.9008017,77.7091989
12.9202574,77.6661095
12.9046634,77.7018839
12.9050974,77.7010953
12.9168938,77.6734987
12.9082726,77.6916472
12.9165324,77.6736443
12.9161329,77.6737001
12.9070141,77.6963598
12.9132965,77.6793518
12.8955254,77.7223306
12.8991298,77.7128227
12.9065219,77.6980525
12.8969394,77.7193921
12.8882113,77.7342710
12.8875883,77.7365576
12.9064389,77.6983419
12.9063372,77.6986724
12.8948136,77.7237823
12.8935544,77.7265807
12.9062476,77.6986951
12.8895172,77.7319898
12.9200863,77.6664963
12.9170588,77.6732035
12.9074664,77.6948148
12.8979992,77.7163573
12.9144719,77.6760420
12.9162283,77.6737567
12.9163037,77.6737157
12.9010870,77.7085909
12.9170031,77.6733135
12.9093328,77.6882167
12.9073723,77.6951823
12.9067669,77.6969627
12.9067867,77.6971483
12.9049614,77.7013394
12.9186804,77.6695612
12.9037065,77.7036246
12.9087210,77.6899722
12.9049614,77.7011524
12.9061197,77.6992151
12.9154985,77.6743442
12.9075187,77.6946029
12.9096465,77.6874107
12.9048098,77.7016130
12.9073017,77.6954317
12.9079603,77.6928314
12.9188612,77.6689749
12.9154111,77.6744709
12.8887025,77.7333502
12.9055732,77.7002450
12.9107736,77.6845353
12.9103955,77.6855180
12.9089183,77.6890721
12.9137632,77.6780912
12.9156596,77.6741734
12.9088543,77.6894880
12.9085956,77.6904603
12.9054783,77.7002391
12.9014054,77.7080437
12.9135696,77.6787787
12.9018266,77.7073223
12.8993017,77.7123729
12.8983801,77.7151730
12.9068834,77.6967996
12.9094544,77.6879015
12.9090086,77.6890347
12.8951378,77.7231117
12.9084112,77.6911644
12.9182426,77.6708300
12.9078415,77.6932820
12.9181979,77.6709205
12.8938618,77.7258635
12.9091263,77.6887277
12.9095393,77.6876762
12.9042346,77.7026966
12.9097341,77.6871800
12.9053039,77.7007251
12.9196860,77.6671398
12.9183464,77.6705395
12.9145497,77.6758677
12.9066578,77.6975884
12.9071448,77.6959413
12.9147116,77.6756018
12.9158372,77.6740157
12.9034957,77.7040214
12.9110647,77.6837685
12.9044542,77.7022647
12.8974816,77.7180498
12.9139907,77.6776988
12.8960038,77.7213658
12.9040412,77.7030318
12.9001322,77.7110873
12.9096658,77.6871396
12.9115847,77.6826574
12.9081232,77.6922120
12.9102739,77.6858079
12.9076207,77.6942060
12.9166439,77.6736227
12.9133629,77.6790808
12.8908533,77.7302855
12.9029297,77.7051173
12.9111295,77.6836109
12.9134798,77.6789805
12.9197058,77.6672934
12.9148597,77.6753621
12.9059314,77.6995798
12.9062451,77.6989281
12.9165300,77.6735523
12.9011731,77.7085518
12.9139480,77.6778106
12.9092047,77.6885278
12.8944694,77.7247470
12.8979337,77.7168962
12.8975127,77.7181863
12.8923072,77.7286241
12.9002815,77.7109980
12.8884924,77.7338987
12.8880924,77.7347007
12.8878126,77.7353686
12.8894363,77.7322223
12.9003809,77.7107754
12.9004619,77.7105501
12.8989638,77.7136614
12.8876318,77.7368667
12.8998475,77.7116310
12.9034477,77.7023103
12.8981716,77.7160593
12.8874962,77.7378737
12.8985507,77.7149194
12.9040340,77.7029068
12.8995390,77.7120923
12.9036224,77.7024835
12.8933059,77.7272441
12.8878754,77.7351782
12.9087459,77.6898545
12.8935621,77.7267506
12.8874387,77.7383539
12.9001613,77.7111911
12.8920274,77.7289822
12.8955937,77.7224108
12.8877682,77.7355992
12.9007913,77.7094289
12.8882179,77.7344325
12.8938236,77.7261686
12.8980513,77.7164697
12.9023674,77.7060354
12.8976709,77.7177893
12.8888009,77.7333247
12.9080502,77.6925066
12.9039649,77.7028321
12.8902442,77.7311870
12.8927834,77.7280109
12.9005953,77.7100632
12.8876949,77.7362242
12.8931255,77.7275338
12.8890572,77.7328553
12.8914156,77.7297279
12.9189119,77.6688312
12.9038059,77.7026724
12.9005325,77.7102979
12.8934759,77.7269357
12.8896481,77.7319380
12.8893186,77.7324208
12.8935192,77.7268428
12.9079762,77.6924970
12.8983363,77.7155443
12.8941164,77.7254900
12.9040847,77.7029563
12.8879538,77.7349877
12.8906207,77.7307149
12.9009351,77.7090695
12.8959519,77.7216866
12.8934483,77.7268250
12.8961976,77.7211689
12.8966552,77.7202382
12.8925738,77.7282902
12.8967493,77.7200103
12.8957244,77.7221372
12.8946890,77.7242937
12.8939596,77.7258467
12.8978213,77.7172771
12.8966234,77.7203041
12.9000175,77.7113789
12.8964643,77.7206164
12.8991468,77.7130633
12.8875638,77.7373361
12.8994344,77.7122667
12.8987725,77.7142530
12.8989341,77.7137372
12.8996488,77.7118992
12.8993194,77.7125778
12.9360451,77.6994983
12.9351731,77.7004635
12.9364843,77.6973799
12.9365533,77.7011249
12.9357023,77.7004686
12.9361901,77.6995384
12.9351844,77.7026969
12.9352212,77.7038122
12.9351739,77.7030027
12.9351634,77.7033943
12.9352142,77.7023882
12.9403410,77.6955604
12.9411584,77.6960737
12.9436205,77.6974061
12.9448909,77.6978513
12.9453510,77.6980283
12.9462345,77.6983341
12.9469303,77.6985773
12.9394980,77.6950323
12.8794399,77.6720701
12.9350372,77.6903776
12.9009931,77.7230398
12.9006733,77.7224679
12.9007687,77.7229532
12.9004005,77.7217305
12.8966368,77.7202938
12.9442126,77.6802489
12.9345788,77.7041610
12.9345554,77.7038499
12.9031660,77.6774225
12.9018594,77.6783311
12.9038811,77.6778944
12.9020616,77.6792262
12.9035406,77.6795282
12.9028243,77.6818811
12.9036114,77.6791550
12.9067055,77.6756944
12.9063861,77.6769409
12.9059692,77.6781275
12.9034505,77.6806299
12.9018169,77.6787750
12.9035825,77.6798460
12.9059447,77.6782910
12.9029642,77.6817457
12.9063055,77.6783822
12.9046997,77.6797533
12.9035498,77.6800747
12.9062629,77.6781304
12.9049564,77.6784412
12.9062433,77.6787386
12.9050205,77.6780939
12.9034768,77.6798229
12.9108232,77.6785450
12.9060352,77.6756975
12.9038010,77.6775675
12.9058717,77.6765161
12.9039125,77.6775884
12.9042028,77.6776441
12.9025474,77.6757556
12.9033471,77.6758546
12.9100545,77.6785598
12.9020285,77.6774807
12.9043668,77.6759793
12.9387847,77.6576912
12.9399225,77.6576458
12.9399557,77.6596586
12.9406847,77.6596482
12.9411045,77.6587679
12.9411155,77.6596331
12.9415795,77.6587075
12.9416789,77.6586093
12.9418998,77.6542908
12.9427545,77.6735425
12.9428937,77.6581651
12.9437194,77.6737308
12.9440034,77.6743944
12.9441070,77.6738222
12.9443726,77.6639473
12.9444445,77.6744786
12.9445547,77.6739063
12.9448036,77.6745850
12.9449341,77.6739742
12.9460319,77.6741962
12.8970227,77.6584225
12.8996675,77.6593020
12.9376913,77.6933152
12.9328876,77.6880869
12.9392240,77.6948457
12.9377653,77.6933974
12.9387932,77.6944780
12.9338006,77.6890881
12.9355201,77.6911134
12.9359400,77.6917455
12.9354307,77.6912039
12.9381150,77.6937990
12.9351471,77.6905383
12.9346893,77.6900462
12.9342068,77.6896834
12.9341247,77.6897702
12.9379533,77.6913496
12.9379171,77.6919251
12.9363406,77.6918470
12.9363288,77.6917168
12.9366772,77.6920278
12.9377907,77.6920902
12.9359402,77.6912022
12.9362728,77.6917709
12.9363102,77.6916086
12.9365553,77.6918847
12.9364508,77.6918552
12.9448960,77.6979945
12.9420357,77.6916643
12.9420661,77.6915943
12.9420542,77.6917416
12.9420946,77.6915710
12.9421073,77.6917871
12.9421687,77.6915563
12.9421676,77.6917955
12.9422362,77.6915908
12.9422406,77.6917561
12.9422697,77.6954430
12.9422718,77.6954747
12.9422678,77.6916504
12.9422703,77.6916795
12.9423100,77.6953642
12.9423019,77.6955314
12.9423869,77.6953393
12.9423880,77.6955636
12.9424099,77.6953436
12.9424460,77.6955405
12.9424568,77.6953723
12.9424640,77.6955224
12.9424884,77.6954442
12.9244657,77.6758628
12.9245514,77.6750851
12.9246395,77.6747439
12.9247318,77.6748351
12.9249327,77.6748125
12.9206449,77.6647695
12.9207952,77.6648521
12.9215075,77.6665865
12.9207921,77.6645421
12.9208133,77.6651885
12.9207946,77.6650710
12.9210161,77.6635038
12.9229718,77.6567343
12.9218373,77.6599181
12.9234009,77.6553383
12.9169750,77.6680645
12.9157279,77.6675231
12.9180913,77.6684750
12.9206256,77.6653726
12.9163866,77.6736812
12.9168342,77.6735444
12.9161387,77.6738039
12.9155867,77.6742434
12.9126247,77.6843891
12.9151605,77.6853672
12.9136713,77.6849013
12.9167186,77.6825413
12.9150376,77.6853725
12.9172261,77.6825015
12.9184989,77.6840632
12.9155396,77.6836908
12.9173539,77.6823738
12.9185199,77.6839161
12.9160781,77.6826984
12.9174348,77.6838057
12.9113987,77.6830356
12.9187944,77.6840314
12.9159969,77.6829447
12.9152058,77.6854720
12.9167133,77.6824002
12.9156415,77.6835701
12.9138054,77.6849486
12.9173146,77.6839372
12.9156415,77.6829746
12.9173412,77.6831258
12.9162522,77.6829765
12.9153329,77.6828589
12.9172257,77.6831218
12.9112886,77.6838222
12.9125933,77.6843392
12.9150533,77.6840717
12.9128466,77.6844704
12.9150036,77.6842299
12.9126352,77.6843609
12.9130690,77.6843318
12.9141435,77.6848790
12.9145584,77.6849886
12.9125592,77.6844230
12.9145801,77.6838276
12.9153947,77.6842284
12.9137168,77.6849699
12.9136849,77.6850374
12.9156624,77.6834360
12.9138350,77.6847219
12.9137379,77.6849257
12.9155814,77.6834118
12.9150307,77.6841435
12.9151945,77.6856595
12.9147141,77.6854561
12.9135075,77.6787521
12.9137226,77.6831812
12.9137489,77.6831175
12.9156177,77.6824642
12.9143957,77.6837685
12.9142716,77.6836908
12.9134638,77.6836506
12.9143669,77.6833080
12.9142285,77.6840395
12.9157700,77.6820332
12.9140285,77.6823658
12.9155692,77.6820650
12.9140572,77.6825777
12.9151622,77.6809166
12.9155824,77.6808783
12.9153226,77.6821056
12.9145644,77.6809710
12.9230425,77.6573994
12.9236617,77.6554029
12.9221196,77.6599797
12.9214212,77.6626871
12.9249455,77.6742780
12.9269277,77.6787701
12.9257369,77.6762500
12.9253544,77.6753173
12.9247011,77.6741772
12.9275904,77.6796976
12.9248582,77.6741064
12.9248632,77.6743499
12.9274061,77.6795228
12.9274207,77.6797820
12.9142472,77.6764407
12.9169034,77.6732806
12.9189662,77.6685027
12.9144034,77.6759937
12.9167421,77.6734500
12.9168490,77.6733606
12.9112420,77.6832102
12.9205875,77.6654255
12.9206553,77.6656250
12.9205994,77.6655912
12.9163843,77.6735847
12.9162927,77.6736124
12.9147881,77.6779482
12.9155968,77.6787819
12.9137648,77.6850761
12.9141034,77.6855723
12.9139081,77.6865550
12.9153852,77.6863270
12.9142297,77.6857137
12.9149382,77.6874160
12.9136370,77.6853362
12.9139473,77.6869895
12.9142976,77.6858034
12.9144793,77.6859265
12.9137064,77.6851949
12.9132623,77.6862036
12.9141718,77.6856391
12.9140261,77.6855231
12.9149931,77.6873730
12.9132493,77.6861258
12.9138950,77.6868312
12.9139682,77.6866864
12.9104597,77.6819684
12.9114307,77.6823273
12.9115499,77.6813193
12.9117511,77.6820703
12.9115670,77.6816065
12.9114797,77.6822275
12.9114408,77.6818906
12.9116100,77.6824526
12.9115524,77.6824244
12.9115289,77.6821293
12.9116084,77.6819752
12.9105146,77.6820462
12.9116213,77.6821726
12.9115718,77.6822701
12.9105146,77.6814588
12.9117990,77.6820868
12.9108780,77.6820918
12.9105983,77.6813890
12.9134290,77.6770597
12.9089563,77.6796429
12.9090347,77.6795437
12.9095400,77.6762137
12.9061336,77.6800473
12.9091053,77.6786505
12.9098622,77.6840753
12.9090374,77.6783742
12.9088780,77.6807748
12.8975338,77.6754192
12.9073503,77.6756814
12.8815433,77.6722703
12.9067309,77.6802353
12.9115338,77.6822525
12.9115829,77.6821546
12.9113404,77.6837072
12.9142892,77.6762816
12.9172232,77.6726771
12.9225425,77.6885667
12.9242084,77.6890134
12.9257983,77.6898870
12.9244442,77.6891172
12.9253852,77.6897578
12.9249738,77.6895995
12.9231997,77.6887522
12.9259579,77.6893484
12.9223870,77.6884491
12.9223177,77.6882510
12.9223128,77.6879883
12.9228469,77.6886961
12.9356216,77.6915615
12.9365084,77.7039052
12.9232781,77.6566718
12.9206429,77.6651394
12.9222205,77.6686777
12.9240522,77.6726685
12.9217717,77.6654522
12.9211750,77.6655183
12.9238899,77.6696151
12.9252863,77.6697271
12.9304710,77.6853412
12.9316771,77.6867143
12.9293346,77.6831321
12.9299939,77.6847212
12.9318132,77.6851157
12.9250576,77.6742914
12.9265281,77.6772395
12.9249602,77.6741253
12.9264172,77.6857868
12.9268289,77.6857847
12.9229984,77.6858764
12.9257343,77.6858319
12.9224550,77.6856948
12.9237739,77.6859810
12.9271475,77.6856968
12.9273531,77.6855623
12.9233688,77.6695889
12.9230196,77.6695465
12.9312485,77.6862167
12.9233019,77.6673822
12.9307012,77.6856214
12.9231832,77.6648615
12.9219286,77.6637190
12.9225586,77.6638448
12.9218196,77.6636953
12.9247240,77.6738264
12.9248083,77.6737762
12.9274236,77.6799571
12.9274854,77.6799235
12.9261543,77.6771438
12.9292109,77.6835209
12.9303737,77.6857619
12.9307038,77.6860360
12.9293316,77.6833531
12.9289641,77.6825992
12.9290060,77.6830892
12.9305244,77.6855364
12.9283886,77.6817773
12.9308090,77.6858605
12.9315122,77.6870433
12.9302060,77.6854277
12.9300712,77.6852266
12.9409906,77.6961782
12.9228570,77.6702465
12.9219188,77.6718980
12.9186649,77.6727786
12.9178039,77.6743631
12.9175761,77.6727460
12.9175160,77.6728665
12.9181168,77.6740559
12.9173569,77.6726315
12.9172937,77.6727545
12.9170920,77.6739770
12.9171103,77.6740260
12.9177830,77.6724597
12.9185378,77.6731252
12.9174476,77.6728298
12.9179312,77.6742865
12.9175141,77.6727099
12.9182737,77.6738198
12.9185328,77.6728477
12.9184306,77.6734685
12.9185693,77.6728831
12.9177248,77.6724676
12.9177378,77.6743643
12.9172933,77.6733129
12.9272460,77.6856460
12.9250809,77.6859478
12.9274961,77.6853376
12.9249429,77.6859528
12.9267360,77.6855634
12.9286181,77.6832645
12.9280612,77.6832520
12.9264985,77.6845411
12.9258346,77.6846603
12.9265002,77.6844661
12.9251463,77.6858032
12.9270315,77.6834848
12.9266966,77.6855742
12.9282402,77.6832560
12.9278575,77.6844392
12.9284083,77.6839239
12.9274502,77.6847965
12.9270318,77.6833687
12.9266815,77.6844818
12.9284224,77.6832601
12.9267076,77.6835527
12.9264744,77.6855800
12.9275168,77.6847269
12.9282262,77.6839186
12.9274894,77.6846229
12.9269685,77.6835515
12.9266978,77.6845683
12.9274870,77.6839130
12.9282155,77.6844204
12.9285919,77.6844992
12.9286040,77.6839296
12.9265156,77.6838045
12.9276858,77.6839029
12.9273636,77.6840242
12.9266731,77.6855749
12.9266927,77.6845451
12.9278652,77.6839081
12.9276717,77.6845230
12.9251830,77.6838358
12.9275951,77.6846626
12.9251455,77.6855524
12.9252095,77.6837937
12.9274913,77.6842730
12.9276662,77.6846166
12.9252540,77.6837745
12.9258033,77.6855925
12.9265241,77.6834361
12.9280492,77.6839135
12.9259518,77.6845297
12.9251560,77.6850749
12.9283977,77.6844257
12.9280399,77.6844213
12.9259411,77.6854961
12.9280507,77.6838277
12.9266946,77.6848542
12.9262914,77.6855030
12.9261320,77.6845334
12.9273556,77.6848621
12.9273588,77.6845762
12.9287122,77.6845000
12.9263045,77.6845371
12.9261249,77.6848575
12.9264761,77.6855066
12.9273560,77.6849096
12.9286035,77.6843497
12.9291808,77.6843227
12.9263001,77.6848602
12.9279193,77.6844260
12.9264910,77.6848630
12.9261110,77.6854994
12.9290153,77.6843853
12.9273598,77.6844688
12.9259542,77.6848550
12.9258182,77.6837879
12.9254316,77.6841528
12.9251761,77.6841495
12.9255046,77.6837804
12.9254968,77.6840829
12.9238151,77.6872076
12.9246543,77.6859589
12.9245640,77.6862868
12.9235654,77.6876816
12.9241636,77.6869159
12.9223539,77.6856575
12.9244882,77.6865926
12.9261555,77.6857826
12.9251594,77.6874643
12.9250922,77.6880902
12.9260610,77.6875196
12.9260856,77.6866698
12.9251278,77.6879979
12.9258883,77.6858056
12.9260800,77.6861680
12.9253314,77.6860462
12.9252425,77.6861240
12.9242857,77.6876716
12.9257192,77.6860568
12.9241341,77.6871459
12.9239171,77.6873525
12.9239223,77.6875965
12.9240321,77.6871942
12.9242804,77.6877320
12.9240164,77.6876502
12.9246308,77.6871674
12.9246805,77.6861133
12.9282715,77.6817433
12.9204442,77.6791988
12.9271869,77.6794512
12.9332772,77.6890217
12.9329280,77.6894582
12.9319036,77.6901416
12.9333813,77.6891321
12.9317717,77.6901599
12.9320107,77.6962523
12.9335221,77.6892813
12.9296103,77.6933150
12.9335822,77.6893483
12.9311703,77.6902611
12.9312334,77.6904648
12.9307710,77.6902507
12.9308800,77.6902487
12.9311922,77.6936932
12.9318287,77.6921045
12.9312303,77.6936276
12.9317490,77.6920656
12.9322360,77.6915926
12.9320928,77.6917156
12.9298420,77.6929857
12.9315861,77.6925551
12.9321785,77.6916297
12.9301606,77.6935522
12.9322601,77.6915305
12.9313221,77.6931345
12.9313718,77.6930138
12.9311051,77.6936993
12.9311439,77.6933785
12.9311365,77.6936999
12.9312515,77.6933490
12.9299066,77.6934393
12.9311331,77.6935124
12.9312103,77.6936807
12.9312773,77.6932552
12.9313221,77.6928770
12.9314654,77.6925463
12.9322444,77.6915037
12.9311910,77.6931881
12.9315073,77.6925149
12.9302794,77.6935841
12.9311596,77.6932873
12.9312380,77.6935395
12.9311574,77.6937003
12.9322574,77.6915680
12.9312407,77.6934349
12.9304737,77.6872026
12.9311655,77.6866700
12.9308855,77.6867776
12.9303294,77.6875516
12.9306218,77.6867999
12.9306748,77.6867682
12.9263510,77.6948607
12.9322389,77.6878673
12.9310032,77.6867240
12.9310476,77.6866811
12.9301355,77.6877965
12.9309456,77.6867615
12.9310518,77.6865425
12.9333202,77.6949992
12.9357680,77.6917214
12.9333418,77.6950347
12.9334281,77.6948496
12.9335026,77.6950306
12.9364467,77.6949543
12.9335160,77.6949092
12.9382139,77.6943894
12.9335190,77.6950035
12.9375322,77.6976693
12.9364103,77.6949810
12.9364585,77.6951008
12.9334652,77.6948594
12.9363728,77.6949949
12.9359110,77.6971997
12.9373439,77.6937223
12.9368707,77.6936605
12.9372794,77.6937391
12.9373535,77.6976372
12.9333432,77.6948829
12.9371289,77.6937408
12.9335279,77.6949597
12.9316584,77.6926324
12.9333222,77.6949150
12.9334827,77.6948697
12.9333797,77.6948576
12.9334905,77.6950431
12.9322979,77.6916524
12.9364160,77.6931118
12.9330133,77.6913295
12.9370497,77.6937304
12.9365362,77.6950437
12.9368092,77.6936252
12.9333131,77.6949571
12.9365493,77.6933770
12.9364954,77.6932995
12.9333672,77.6950553
12.9313527,77.6933592
12.9319272,77.6921123
12.9364443,77.6932059
12.9334100,77.6950693
12.9350973,77.6970785
12.9334485,77.6950659
12.9365021,77.6950787
12.9356963,77.6916398
12.9335360,77.6910704
12.9354288,77.6914115
12.9351587,77.6911260
12.9353475,77.6913364
12.9353086,77.6910678
12.9355391,77.6909703
12.9353406,77.6906930
12.9364894,77.6920088
12.9352722,77.6906075
12.9355027,77.6909235
12.9357393,77.6911987
12.9355750,77.6879902
12.9356691,77.6879526
12.9355305,77.6881162
12.9362275,77.6881455
12.9348994,77.6904351
12.9355358,77.6880519
12.9356090,77.6879607
12.9356797,77.6900710
12.9333152,77.6949373
12.9334475,77.6948529
12.9333902,77.6950653
12.9334717,77.6950564
12.9335257,77.6949817
12.9333156,77.6949837
12.9334314,77.6950692
12.9334999,77.6948854
12.9333545,77.6950466
12.9335104,77.6950198
12.9333304,77.6950196
12.9333628,77.6948666
12.9335250,77.6949340
12.9333321,77.6948969
12.9334037,77.6948507
12.9380759,77.6990382
12.9138792,77.6757591
12.9139132,77.6758021
12.9139419,77.6758611
12.9139446,77.6759308
12.9139196,77.6761698
12.9200271,77.6664593
12.9180334,77.6647542
12.9180961,77.6645262
12.9177778,77.6657388
12.9179994,77.6644699
12.9177561,77.6657487
12.9161432,77.6641909
12.9165197,77.6642660
12.9177641,77.6655669
12.9179027,77.6648534
12.9160700,77.6642714
12.9166536,77.6654191
12.9173511,77.6656527
12.9177720,77.6653389
12.9180752,77.6646925
12.9180700,77.6644967
12.9160784,77.6642282
12.9177589,77.6654194
12.9179471,77.6648159
12.9161040,77.6642016
12.9181092,77.6645610
12.9181092,77.6646281
12.9159974,77.6648826
12.9168831,77.6644028
12.9159524,77.6650680
12.9177960,77.6652635
12.9177563,77.6654864
12.9180313,77.6644750
12.9178007,77.6656688
12.9161955,77.6641936
12.9178795,77.6644626
12.9148449,77.6646108
12.9168010,77.6643719
12.9151986,77.6654938
12.9175460,77.6682852
12.9422977,77.6953804
12.9424223,77.6965197
12.9426696,77.6910718
12.9422799,77.6954995
12.9423966,77.6964285
12.9424305,77.6964756
12.9426604,77.6960432
12.9415142,77.6945534
12.9425070,77.6959678
12.9423433,77.6953452
12.9423195,77.6964456
12.9426782,77.6960147
12.9426561,77.6959131
12.9423225,77.6965303
12.9426206,77.6958924
12.9426574,77.6913429
12.9423972,77.6965436
12.9425366,77.6959114
12.9415275,77.6946552
12.9424123,77.6955586
12.9427871,77.6912888
12.9426363,77.6960618
12.9425084,77.6910317
12.9423833,77.6965490
12.9420808,77.6917713
12.9423320,77.6965389
12.9424785,77.6954043
12.9424302,77.6964988
12.9423071,77.6965003
12.9425747,77.6960695
12.9425854,77.6958893
12.9426847,77.6959769
12.9426061,77.6960713
12.9423503,77.6964244
12.9423501,77.6955600
12.9423061,77.6964779
12.9423819,77.6964231
12.9420386,77.6917046
12.9422792,77.6954051
12.9423090,77.6964652
12.9426409,77.6910209
12.9422584,77.6916227
12.9425569,77.6958977
12.9423615,77.6965504
12.9424146,77.6965301
12.9426782,77.6959460
12.9422660,77.6917085
12.9424842,77.6954830
12.9425123,77.6959468
12.9421973,77.6917875
12.9425081,77.6959996
12.9423106,77.6965115
12.9425510,77.6960598
12.9424383,77.6910812
12.9420460,77.6916254
12.9415561,77.6947304
12.9415129,77.6944272
12.9422052,77.6915678
12.9421370,77.6917954
12.9425255,77.6960374
12.9423308,77.6964345
12.9424141,77.6964418
12.9426160,77.6909706
12.9421304,77.6915573
12.9424232,77.6964545
12.9428717,77.6970339
12.9432997,77.6952293
12.9424874,77.6967126
12.9423296,77.6955478
12.9422846,77.6963229
12.9427227,77.6968722
12.9429816,77.6968264
12.9423640,77.6967347
12.9424840,77.6966750
12.9423147,77.6956575
12.9423855,77.6966510
12.9430984,77.6968413
12.9428823,77.6970143
12.9426972,77.6969324
12.9425233,77.6967501
12.9422824,77.6960880
12.9427492,77.6951805
12.9427167,77.6968010
12.9424239,77.6962900
12.9422944,77.6959044
12.9383966,77.6940786
12.9376028,77.6932190
12.9354777,77.6908879
12.9355512,77.6908575
12.9381193,77.6903344
12.9353042,77.6906475
12.9357645,77.6904458
12.9353876,77.6906109
12.9380513,77.6906938
12.9358827,77.6907203
12.9318028,77.6847311
12.9338386,77.6863167
12.9317986,77.6846151
12.9351548,77.6863854
12.9252445,77.6833311
12.9242197,77.6834759
12.9241622,77.6834384
12.9252052,77.6833579
12.9245621,77.6835108
12.9258461,77.6831468
12.9241883,77.6828268
12.9272130,77.6830387
12.9241386,77.6834062
12.9252209,77.6827303
12.9241256,77.6833660
12.9242510,77.6827813
12.9242876,77.6827786
12.9242092,77.6827947
12.9249752,77.6834250
12.9265829,77.6831594
12.9241256,77.6833150
12.9247451,77.6834759
12.9254329,77.6832623
12.9252758,77.6832909
12.9252837,77.6832480
12.9268052,77.6831299
12.9275685,77.6830012
12.9285949,77.6829009
12.9263738,77.6831836
12.9263006,77.6831836
12.9241883,77.6834625
12.9252837,77.6832131
12.9203824,77.6823569
12.9215741,77.6824686
12.9276024,77.6806945
12.9277771,77.6810754
12.9276884,77.6810694
12.9275710,77.6807294
12.9276081,77.6810319
12.9275288,77.6808539
12.9276390,77.6806650
12.9276487,77.6810556
12.9275482,77.6809643
12.9277341,77.6810774
12.9275358,77.6809341
12.9279218,77.6810148
12.9275750,77.6810022
12.9275344,77.6808179
12.9278189,77.6810632
12.9275501,77.6807669
12.9247247,77.6813461
12.9247199,77.6812555
12.9275273,77.6808862
12.9273593,77.6809439
12.9257516,77.6812776
12.9257420,77.6811761
12.9273761,77.6810445
12.9275301,77.6809109
12.9218283,77.6824004
12.9217387,77.6816609
12.9239209,77.6818708
12.9201815,77.6821352
12.9218513,77.6820264
12.9245151,77.6812544
12.9216551,77.6825304
12.9201710,77.6814888
12.9243718,77.6812860
12.9218364,77.6822696
12.9201883,77.6824310
12.9218112,77.6817867
12.9217334,77.6822668
12.9244347,77.6805189
12.9225996,77.6754410
12.9230309,77.6813180
12.9229885,77.6817242
12.9263810,77.6808933
12.9261700,77.6809137
12.9264089,77.6810942
12.9264230,77.6811952
12.9305834,77.6948954
12.9321534,77.6963739
12.9236455,77.6735553
12.9229733,77.6726084
12.9214540,77.6742732
12.9221344,77.6887496
12.9221395,77.6885149
12.9221929,77.6884693
12.9221950,77.6887066
12.9221818,77.6887469
12.9222038,77.6885177
12.9221140,77.6886638
12.9221427,77.6887852
12.9221680,77.6887826
12.9221234,77.6887127
12.9199973,77.6885989
12.9220082,77.6890094
12.9200184,77.6885273
12.9208183,77.6889830
12.9221528,77.6888229
12.9221589,77.6884675
12.9221108,77.6886246
12.9222111,77.6886187
12.9222071,77.6886610
12.9221194,77.6885679
12.9221819,77.6884200
12.9222089,77.6885686
12.9202398,77.6889500
12.9202772,77.6879618
12.9220334,77.6880516
12.9220699,77.6891049
12.9211491,77.6955411
12.9248008,77.6895399
12.9212439,77.6954969
12.9200204,77.6890339
12.9198478,77.6890253
12.9190671,77.6970057
12.9246068,77.6892192
12.9256086,77.6809811
12.9254936,77.6798063
12.9251797,77.6812198
12.9258387,77.6796454
12.9438616,77.6976307
12.9441500,77.6970403
12.9442606,77.6966024
12.9151391,77.6853416
12.9138966,77.6847533
12.9137709,77.6846893
12.9144081,77.6858782
12.9305807,77.6785616
12.9392510,77.6957672
12.9137828,77.6864868
12.9148547,77.6873800
12.9140027,77.6857887
12.9141392,77.6858162
12.9141829,77.6857757
12.9140050,77.6855963
12.9140824,77.6858290
12.9139909,77.6857338
12.9139909,77.6856813
12.9140353,77.6858175
12.9343371,77.6967889
12.9343175,77.6967339
12.9348651,77.6950619
12.9359317,77.6970947
12.9346011,77.6952466
12.9347836,77.6951810
12.9117315,77.6766076
12.9365993,77.6954565
12.9364455,77.6952927
12.9365079,77.6952410
12.9361469,77.6951154
12.9361579,77.6951532
12.9362737,77.6951904
12.9365296,77.6952618
12.9364089,77.6952015
12.9364602,77.6952121
12.9362083,77.6952436
12.9364855,77.6952245
12.9362340,77.6952538
12.9365900,77.6953884
12.9365954,77.6954212
12.9362685,77.6952616
12.9362946,77.6952657
12.9365625,77.6953084
12.9363697,77.6952659
12.9364249,77.6952808
12.9361456,77.6951288
12.9361498,77.6951433
12.9363469,77.6952647
12.9363187,77.6952668
12.9361738,77.6951622
12.9364682,77.6953083
12.9361833,77.6952305
12.9365743,77.6953362
12.9365833,77.6953625
12.9360376,77.6951020
12.9361318,77.6951908
12.9364889,77.6953295
12.9362344,77.6951840
12.9365470,77.6952848
12.9363991,77.6952717
12.9362520,77.6951881
12.9364347,77.6952046
12.9361501,77.6951043
12.9365313,77.6954457
12.9365306,77.6954167
12.9365276,77.6953990
12.9365058,77.6953522
12.9365204,77.6953779
12.9195284,77.6946806
12.9219651,77.6947367
12.9301410,77.6851282
12.9299100,77.6848518
12.9302891,77.6853454
12.9307178,77.6858684
12.9297753,77.6842837
12.9297067,77.6845781
12.9309056,77.6861555
12.9295946,77.6842117
12.9302446,77.6853695
12.9300896,77.6851586
12.9305269,77.6856404
12.9305505,77.6857638
12.9311544,77.6862527
12.9308925,77.6860563
12.9297510,77.6845366
12.9197011,77.6753446
12.9202948,77.6758903
12.9205200,77.6759167
12.9204497,77.6759102
12.9254724,77.6751163
12.9257394,77.6756473
12.9287915,77.6820163
12.9284900,77.6822679
12.9262425,77.6692105
12.9273009,77.6708502
12.9231679,77.6703644
12.9230554,77.6704454
12.9208113,77.6647433
12.9208374,77.6646317
12.8855144,77.7454260
12.9081084,77.7267642
12.9080150,77.7264981
12.9078514,77.7261984
12.9077170,77.7259886
12.9075359,77.7256470
12.9074424,77.7254132
12.9071503,77.7249277
12.9071503,77.7247359
12.9073782,77.7245322
12.9076236,77.7244902
12.9078105,77.7242984
12.9080968,77.7243044
12.9082954,77.7241666
12.9084765,77.7238189
12.9085700,77.7235672
12.9086576,77.7233934
12.9088679,77.7232795
12.9090081,77.7230098
12.9092126,77.7223924
12.9093178,77.7219369
12.9094405,77.7216313
12.9090140,77.7213915
12.9088120,77.7212943
12.9099917,77.7183678
12.9100422,77.7185506
12.9100305,77.7187783
12.9101474,77.7188382
12.9103752,77.7189881
12.9107374,77.7189341
12.9112866,77.7194556
12.9114618,77.7193837
12.9116371,77.7194256
12.9116137,77.7195874
12.9115319,77.7197673
12.9115845,77.7199950
12.9121570,77.7203846
12.9123089,77.7205764
12.9125718,77.7206783
12.9126945,77.7207023
12.9131151,77.7209000
12.9135416,77.7209959
12.9140382,77.7210319
12.9145289,77.7211757
12.9147392,77.7211877
12.9147450,77.7211937
12.9149670,77.7212956
12.9153175,77.7216972
12.9155220,77.7220328
12.9154986,77.7222846
12.9155584,77.7225665
12.9157733,77.7219942
12.9159660,77.7221048
12.9162114,77.7222786
12.9164801,77.7223505
12.9164918,77.7223565
12.9168949,77.7223325
12.9171110,77.7222426
12.9173447,77.7219309
12.9175433,77.7218171
12.9176952,77.7216133
12.9182093,77.7215893
12.9184839,77.7216313
12.9188578,77.7215354
12.9190272,77.7218650
12.9192433,77.7219789
12.9194595,77.7220328
12.9198275,77.7223505
12.9199443,77.7225543
12.9202072,77.7227700
12.9203708,77.7226861
12.9205577,77.7226142
12.9206979,77.7222546
12.9208089,77.7221287
12.9209842,77.7220268
12.9210381,77.7223569
12.9210952,77.7223984
12.9212179,77.7221527
12.9213873,77.7219729
12.9216794,77.7218650
12.9223278,77.7221767
12.9228010,77.7223865
12.9233268,77.7227820
12.9236889,77.7234114
12.9239810,77.7240587
12.9245126,77.7244483
12.9246295,77.7244902
12.9250384,77.7252154
12.9251435,77.7253773
12.9254006,77.7255451
12.9255817,77.7258388
12.9261074,77.7261504
12.9260140,77.7264861
12.9257511,77.7270255
12.9255291,77.7274271
12.9255817,77.7276668
12.9258387,77.7278706
12.9262301,77.7282422
12.9263060,77.7284520
12.9187235,77.7342709
12.9360167,77.7005427
12.9194600,77.6701700
12.9283711,77.6813432
12.9287938,77.6825612
12.9284018,77.6816965
12.9294375,77.6838806
12.9290866,77.6831513
12.9015626,77.7076015
12.9016196,77.7076368
12.9028698,77.7050785
12.9084897,77.6795473
12.9084000,77.6803826
12.9362460,77.7054351
12.9359521,77.7009900
12.9360217,77.7005079
12.9364310,77.7006359
12.9363222,77.7010728
12.9361732,77.7017138
12.9380296,77.7120068
12.9395892,77.7286220
12.9333533,77.6955901
12.9334213,77.6952575
12.9345454,77.6950493
12.9344931,77.6952468
12.9344565,77.6954292
12.9342840,77.6954023
12.9340696,77.6953648
12.9337507,77.6953058
12.9336147,77.6953058
12.9335729,77.6953272
12.9334896,77.6953064
12.9334239,77.6954828
12.9334056,77.6955928
12.9360851,77.6971565
12.9361818,77.6972182
12.9366602,77.6973174
12.9368014,77.6973416
12.9369133,77.6965698
12.9369190,77.6964591
12.9366426,77.6964430
12.9367666,77.6957447
12.9367962,77.6954613
12.9366289,77.6954399
12.9363282,77.6953728
12.9361740,77.6954023
12.9359309,77.6953675
12.9357191,77.6953165
12.9353505,77.6952763
12.9352329,77.6952709
12.9351179,77.6952924
12.9347211,77.6952035
12.9344797,77.6957798
12.9343795,77.6958633
12.9231461,77.6740854
12.9234350,77.6740988
12.9366113,77.6974175
12.9116062,77.6672048
12.9115015,77.6672177
12.9099098,77.6661520
12.9095329,77.6658942
12.9094282,77.6658340
12.9093151,77.6657867
12.9091978,77.6657695
12.9090051,77.6657309
12.9088543,77.6657266
12.9086742,77.6657137
12.9084857,77.6656664
12.9083056,77.6656234
12.9080840,77.6655960
12.9121970,77.6663039
12.9136964,77.6673896
12.9137969,77.6673853
12.9142074,77.6676217
12.9145074,77.6669263
12.9142495,77.6675248
12.9147903,77.6678173
12.9116904,77.6670764
12.9140113,77.6681267
12.9151721,77.6686514
12.9160788,77.6663769
12.9138710,77.6717636
12.9141900,77.6710019
12.9141869,77.6667796
12.9144066,77.6659145
12.9145322,77.6654504
12.9144694,77.6653816
12.9143312,77.6653043
12.9128065,77.6639464
12.9125621,77.6641883
12.9121070,77.6637014
12.9129053,77.6645555
12.9131801,77.6642893
12.9303506,77.6761642
12.9304342,77.6770359
12.9295083,77.6761748
12.9289389,77.6756036
12.9288526,77.6755929
12.9286618,77.6752361
12.9286748,77.6750752
12.9285180,77.6750296
12.9283925,77.6748767
12.9283585,77.6750243
12.9286110,77.6750566
12.9285833,77.6749733
12.9285903,77.6742721
12.9283638,77.6743376
12.9282573,77.6747987
12.9281285,77.6747802
12.9281549,77.6742810
12.9279612,77.6763814
12.9276684,77.6757269
12.9276396,77.6762447
12.9274096,77.6755339
12.9273187,77.6764526
12.9271265,77.6764163
12.9271298,77.6762447
12.9270488,77.6761588
12.9270645,77.6757565
12.9269782,77.6772424
12.9247404,77.6717077
12.9290899,77.6757585
12.9287150,77.6753356
12.9288416,77.6753415
12.9288207,77.6741721
12.9296781,77.6764451
12.9297130,77.6774270
12.9297384,77.6780148
12.9293537,77.6764569
12.9293829,77.6770671
12.9294131,77.6782021
12.9289968,77.6764918
12.9290178,77.6770715
12.9290178,77.6782812
12.9285421,77.6765220
12.9285420,77.6772002
12.9283223,77.6765283
12.9283067,77.6772324
12.9282675,77.6775328
12.9281024,77.6765397
12.9280479,77.6775543
12.9274824,77.6764814
12.9273604,77.6772646
12.9276336,77.6765079
12.9274702,77.6778627
12.9278320,77.6765264
12.9277316,77.6770769
12.9305966,77.6756729
12.9302492,77.6756225
12.9302152,77.6755689
12.9300270,77.6755126
12.9300094,77.6754095
12.9300192,77.6752846
12.9307026,77.6748680
12.9309248,77.6748707
12.9308987,77.6745569
12.9310921,77.6751630
12.9311017,77.6755153
12.9310987,77.6777552
12.9331568,77.6775298
12.9279793,77.6733633
12.9301265,77.6700395
12.9301938,77.6695064
12.9302467,77.6692053
12.9303430,77.6680650
12.9304118,77.6674154
12.9306220,77.6661399
12.9302227,77.6660362
12.9129534,77.6676480
12.9119745,77.6698293
12.9136771,77.6679755
12.9130585,77.6692973
12.9074297,77.6635793
12.9073135,77.6641438
12.9072791,77.6642145
12.9071757,77.6643559
12.9071327,77.6644796
12.9070939,77.6646475
12.9071025,77.6648684
12.9071111,77.6652793
12.9078777,77.6659110
12.9078389,77.6663219
12.9078303,77.6667505
12.9078698,77.6659951
12.9074040,77.6659508
12.9067537,77.6658624
12.9063704,77.6658271
12.9058106,77.6657697
12.9055522,77.6657343
12.9052938,77.6656195
12.9056469,77.6645326
12.9034039,77.6618998
12.9033280,77.6620902
12.9029254,77.6628600
12.9029045,77.6633160
12.9028810,77.6635976
12.9028391,77.6640697
12.9028339,77.6641126
12.9029150,77.6646142
12.9029489,77.6648743
12.9029672,77.6649199
12.9029934,77.6649387
12.9030901,77.6649763
12.9031189,77.6650058
12.9031372,77.6650460
12.9031503,77.6651184
12.9031738,77.6651855
12.9032418,77.6652928
12.9033045,77.6653464
12.9033280,77.6654215
12.9033307,77.6655234
12.9033437,77.6656602
12.9033829,77.6657729
12.9034248,77.6658533
12.9034274,77.6659311
12.9034797,77.6659740
12.9035947,77.6659633
12.9050070,77.6707265
12.9047690,77.6712523
12.9044945,77.6719309
12.9040605,77.6729930
12.9039795,77.6733551
12.9040135,77.6740311
12.9040501,77.6750932
12.9041332,77.6759447
12.9041322,77.6728176
12.9031611,77.6724083
12.9031611,77.6730091
12.9026749,77.6728267
12.9025049,77.6727650
12.9021389,77.6727436
12.9018068,77.6727141
12.9011035,77.6726899
12.9001048,77.6726497
12.9014670,77.6732773
12.9014722,77.6733390
12.9015114,77.6733739
12.9016787,77.6733819
12.9018774,77.6734088
12.9022591,77.6734168
12.9017546,77.6736931
12.9020892,77.6737253
12.9014840,77.6739794
12.9015582,77.6739883
12.9019880,77.6740150
12.9021624,77.6740249
12.9014755,77.6739785
12.9014649,77.6741378
12.9015490,77.6741443
12.9021141,77.6741818
12.9036346,77.6732093
12.9036718,77.6745087
12.9037464,77.6748800
12.9036580,77.6737826
12.9025175,77.6732710
12.9036708,77.6742473
12.9024208,77.6737216
12.9025985,77.6727990
12.9023057,77.6741722
12.9083427,77.6932777
12.9084337,77.6935139
12.9084573,77.6935944
12.9085619,77.6937580
12.9086011,77.6940370
12.9086560,77.6942703
12.9086717,77.6945385
12.9086795,77.6949194
12.9086690,77.6953191
12.9086821,77.6956570
12.9086875,77.6957266
12.9076808,77.6956597
12.9074141,77.6950133
12.9079004,77.6957053
12.9081043,77.6957240
12.9083605,77.6957375
12.9088181,77.6960486
12.9092704,77.6965609
12.9096834,77.6969525
12.9101305,77.6972583
12.9104730,77.6974863
12.9119658,77.6983339
12.9129174,77.6985324
12.9133357,77.6985538
12.9161906,77.6989481
12.9173252,77.6985726
12.9170050,77.6988220
12.9171527,77.6987255
12.9180529,77.6979445
12.9238771,77.6950749
12.9258450,77.6948518
12.9337208,77.7059407
12.9331191,77.7060007
12.9314893,77.7058448
12.9312557,77.7058388
12.9309986,77.7058928
12.9344187,77.7070921
12.9344967,77.7071212
12.9347733,77.7071140
12.9351279,77.7071103
12.9355500,77.7070603
12.9355287,77.7064808
12.9351508,77.7061120
12.9351530,77.7055620
12.9400571,77.6912414
12.9400022,77.6909893
12.9401094,77.6915097
12.9401914,77.6919319
12.9399755,77.6909082
12.9396259,77.6909932
12.9396011,77.6909777
12.9393923,77.6910197
12.9393600,77.6910053
12.9393395,77.6909700
12.9393126,77.6908507
12.9391910,77.6910097
12.9391221,77.6910086
12.9390801,77.6909998
12.9395535,77.6907383
12.9390126,77.6910459
12.9390038,77.6911133
12.9390445,77.6912661
12.9390782,77.6913443
12.9391243,77.6913680
12.9391882,77.6913625
12.9392573,77.6913407
12.9393708,77.6913188
12.9395995,77.6912570
12.9396740,77.6912661
12.9400435,77.6911788
12.9404699,77.6905997
12.9400902,77.6914112
12.9406480,77.6915557
12.9409320,77.6862332
12.9426913,77.6827865
12.9407127,77.6867305
12.9406082,77.6868620
12.9404461,77.6870765
12.9403258,77.6872160
12.9402213,77.6872911
12.9399729,77.6874064
12.9397455,77.6875352
12.9395808,77.6875969
12.9394135,77.6876854
12.9390789,77.6878866
12.9389590,77.6879696
12.9458018,77.6750331
12.9252241,77.6697126
12.9251289,77.6696947
12.9296301,77.6846920
12.9295051,77.6844305
12.9297243,77.6848747
12.9288110,77.6857570
12.9285539,77.6859026
12.9282667,77.6867067
12.9232173,77.6702381
12.9255442,77.6898075
12.9254204,77.6907956
12.9253707,77.6912871
12.9253064,77.6918025
12.9257745,77.6901203
12.9257592,77.6903251
12.9257358,77.6905619
12.9257212,77.6907057
12.9256511,77.6911612
12.9256248,77.6913290
12.9255781,77.6915508
12.9255752,77.6917846
12.9260746,77.6899715
12.9257765,77.6898802
12.9259958,77.6909305
12.9259344,77.6912871
12.9259052,77.6915268
12.9258556,77.6917876
12.9261097,77.6918505
12.9249881,77.6918085
12.9246609,77.6918175
12.9243075,77.6918085
12.9240972,77.6918085
12.9239161,77.6917726
12.9252525,77.6897068
12.9252051,77.6900674
12.9251613,77.6904270
12.9251408,77.6907447
12.9250561,77.6912361
12.9250022,77.6896104
12.9248633,77.6907207
12.9246939,77.6918166
12.9247208,77.6894077
12.9246063,77.6899775
12.9246910,77.6900075
12.9245858,77.6906608
12.9244252,77.6916317
12.9262884,77.6909868
12.9256955,77.6908729
12.9245816,77.6906865
12.9240659,77.6905888
12.9238965,77.6905409
12.9238381,77.6905079
12.9243878,77.6900350
12.9242264,77.6906192
12.9241629,77.6912217
12.9240470,77.6917986
12.9259722,77.6922946
12.9261229,77.6917938
12.9265808,77.6919003
12.9259348,77.6923602
12.9265547,77.6925193
12.9265152,77.6922187
12.9257801,77.6926256
12.9258467,77.6926535
12.9261411,77.6927154
12.9265152,77.6927899
12.9256303,77.6928812
12.9257031,77.6929100
12.9258361,77.6929537
12.9259815,77.6930010
12.9261517,77.6930337
12.9264798,77.6930829
12.9254879,77.6931504
12.9257251,77.6932275
12.9259588,77.6932905
12.9262392,77.6933414
12.9264495,77.6933744
12.9255038,77.6948280
12.9257046,77.6935907
12.9257436,77.6935525
12.9257933,77.6935453
12.9260823,77.6936199
12.9262277,77.6936399
12.9264565,77.6936490
12.9256604,77.6938631
12.9263323,77.6939473
12.9256206,77.6941085
12.9262809,77.6942221
12.9262525,77.6945459
12.9255722,77.6944065
12.9259156,77.6944749
12.9248073,77.6943089
12.9249599,77.6943385
12.9252152,77.6943603
12.9252351,77.6943629
12.9252170,77.6945605
12.9251851,77.6946369
12.9251776,77.6948230
12.9245476,77.6946892
12.9244758,77.6948006
12.9245906,77.6949096
12.9258082,77.6925777
12.9249922,77.6923263
12.9252881,77.6924071
12.9253587,77.6917990
12.9250800,77.6917945
12.9250553,77.6923404
12.9256984,77.6927650
12.9249584,77.6924977
12.9255599,77.6930031
12.9249270,77.6927887
12.9248290,77.6927565
12.9252578,77.6934884
12.9248082,77.6933503
12.9243677,77.6925899
12.9248409,77.6926650
12.9248030,77.6929640
12.9248082,77.6932322
12.9247807,77.6934093
12.9244357,77.6934039
12.9243167,77.6933892
12.9248051,77.6930727
12.9251846,77.6931196
12.9251873,77.6931639
12.9243559,77.6929010
12.9248072,77.6931799
12.9244540,77.6931343
12.9243402,77.6931290
12.9251180,77.6937164
12.9249611,77.6936802
12.9248330,77.6936547
12.9244971,77.6936239
12.9243350,77.6936131
12.9249682,77.6940375
12.9247417,77.6939541
12.9245343,77.6939250
12.9243321,77.6939123
12.9248301,77.6942714
12.9246052,77.6942252
12.9243959,77.6941924
12.9243179,77.6941888
12.9241832,77.6950384
12.9261909,77.6894007
12.9263070,77.6888763
12.9262916,77.6889460
12.9260507,77.6888803
12.9265715,77.6894867
12.9266873,77.6888420
12.9267004,77.6885926
12.9267527,77.6883136
12.9281678,77.6873122
12.9276003,77.6872674
12.9270017,77.6872232
12.9265582,77.6872056
12.9263989,77.6871614
12.9281911,77.6860692
12.9276390,77.6861187
12.9271051,77.6860844
12.9282696,77.6866357
12.9281084,77.6866356
12.9274237,77.6865473
12.9453742,77.6818850
12.9125554,77.6766935
12.9125001,77.6768599
12.9124080,77.6771091
12.9123409,77.6772810
12.9122530,77.6774701
12.9122237,77.6775474
12.9121985,77.6776506
12.9121405,77.6778106
12.9119865,77.6766234
12.9119891,77.6768212
12.9119409,77.6772380
12.9118781,77.6776828
12.9118613,77.6778633
12.9095227,77.6761368
12.9095499,77.6759929
12.9096253,77.6758403
12.9097237,77.6757028
12.9098913,77.6754084
12.9099918,77.6751893
12.9100358,77.6750346
12.9100902,77.6747961
12.9101765,77.6745721
12.9102445,77.6743709
12.9102941,77.6741590
12.9103229,77.6739632
12.9104079,77.6737862
12.9104772,77.6736427
12.9108497,77.6730459
12.9110314,77.6727402
12.9100164,77.6751274
12.9101876,77.6752250
12.9104804,77.6753797
12.9107819,77.6755630
12.9111391,77.6757688
12.9098988,77.6753919
12.9101704,77.6755586
12.9105407,77.6757662
12.9109305,77.6760092
12.9109985,77.6760435
12.9109240,77.6761661
12.9107862,77.6764179
12.9106598,77.6765942
12.9096389,77.6762211
12.9096354,77.6765063
12.9096158,77.6765572
12.9096210,77.6769099
12.9093465,77.6787700
12.9097161,77.6777827
12.9097183,77.6781657
12.9097334,77.6787812
12.9100284,77.6788938
12.9100004,77.6794704
12.9113132,77.6796138
12.9113239,77.6795810
12.9113452,77.6792026
12.9098022,77.6808872
12.9016289,77.6770866
12.9015508,77.6769956
12.9006109,77.6768465
12.8999228,77.6767519
12.9019088,77.6756845
12.9016289,77.6764535
12.9016253,77.6765481
12.9017388,77.6767300
12.9016717,77.6770963
12.9016991,77.6766663
12.9013629,77.6766500
12.9009266,77.6765663
12.9006109,77.6765263
12.8999796,77.6764535
12.9047660,77.6794143
12.9062220,77.6797138
12.9063674,77.6787641
12.9063851,77.6788186
12.9063028,77.6792704
12.9048555,77.6789567
12.9037051,77.6787243
12.9033739,77.6786622
12.9014232,77.6782292
12.9015118,77.6774032
12.9020616,77.6771703
12.9030475,77.6758175
12.9029909,77.6762388
12.9029309,77.6766758
12.9028757,77.6770571
12.9030263,77.6771412
12.9031934,77.6771853
12.9036441,77.6758869
12.9035938,77.6764862
12.9035193,77.6769593
12.9034889,77.6774962
12.9038080,77.6782391
12.9037747,77.6782364
12.9033704,77.6781455
12.9031256,77.6781055
12.9029306,77.6780654
12.9025581,77.6779817
12.9023347,77.6779526
12.9019577,77.6778469
12.9016360,77.6777852
12.9017920,77.6789278
12.9018240,77.6790260
12.9046472,77.6800631
12.9060659,77.6803651
12.9060041,77.6803275
12.9053672,77.6802159
12.9026539,77.6796519
12.9042858,77.6767791
12.9050919,77.6769211
12.9042463,77.6771688
12.9050919,77.6773687
12.9045705,77.6777253
12.9045746,77.6772464
12.9044971,77.6777120
12.9059760,77.6780818
12.9061402,77.6766547
12.9079938,77.6803468
12.9081404,77.6783066
12.9225652,77.6621944
12.9223247,77.6616386
12.9223251,77.6618318
12.9222811,77.6621313
12.9222208,77.6625898
12.9221357,77.6633485
12.9221215,77.6635977
12.9226585,77.6625718
12.9226522,77.6630505
12.9228531,77.6625500
12.9228549,77.6630539
12.9229222,77.6630503
12.9229630,77.6639236
12.9226616,77.6633396
12.9227467,77.6633414
12.9227697,77.6636398
12.9223632,77.6630505
12.9223619,77.6633214
12.9224240,77.6633614
12.9220155,77.6617795
12.9218030,77.6629937
12.9217377,77.6635251
12.9221322,77.6634088
12.9217622,77.6633832
12.9226518,77.6628589
12.9221917,77.6628138
12.9218252,77.6627825
12.9232002,77.6637321
12.9223183,77.6637968
12.9222988,77.6640583
12.9222966,77.6642483
12.9223935,77.6644051
12.9224603,77.6645001
12.9224646,77.6646370
12.9225442,77.6647122
12.9226110,77.6649662
12.9227165,77.6651584
12.9227470,77.6653353
12.9225381,77.6638407
12.9225043,77.6639723
12.9224899,77.6641279
12.9224742,77.6643009
12.9224716,77.6643250
12.9223396,77.6643178
12.9226311,77.6643304
12.9229056,77.6644162
12.9224153,77.6644361
12.9237367,77.6644570
12.9238347,77.6648298
12.9238822,77.6644440
12.9231949,77.6645191
12.9317923,77.6843315
12.9317295,77.6857173
12.9314602,77.6864473
12.9249821,77.6712266
12.9258285,77.6715116
12.9256537,77.6721269
12.9261148,77.6722824
12.9258034,77.6721773
12.9256842,77.6725897
12.9255345,77.6719247
12.9253918,77.6724936
12.9260095,77.6727001
12.9262060,77.6728033
12.9263628,77.6728753
12.9264096,77.6729354
12.9264423,77.6730122
12.9264540,77.6730890
12.9264470,77.6732426
12.9263745,77.6737492
12.9268986,77.6738356
12.9254248,77.6750216
12.9261617,77.6749737
12.9262041,77.6745348
12.9263158,77.6745348
12.9278999,77.6742611
12.9270382,77.6741754
12.9288271,77.6737132
12.9289520,77.6737221
12.9285860,77.6738170
12.9283714,77.6737684
12.9282831,77.6738855
12.9282250,77.6740556
12.9281905,77.6742147
12.9334890,77.6966936
12.9334403,77.6969952
12.9332250,77.6978346
12.9335523,77.6970305
12.9333585,77.6978456
12.9381753,77.6985580
12.9389854,77.6987387
12.9326526,77.7038078
12.9356902,77.6995059
12.9355980,77.6996078
12.9355306,77.6998480
12.9355235,77.6998880
12.9354278,77.6995969
12.9351654,77.6996224
12.9349313,77.6995823
12.9347256,77.6995168
12.9146519,77.6755287
12.9155290,77.6741886
12.9156742,77.6740363
12.9159166,77.6738419
12.8988844,77.6730692
12.8990983,77.6726657
12.8988775,77.6726799
12.8988775,77.6727790
12.8988816,77.6737760
12.8988792,77.6743475
12.9000755,77.6743477
12.8988962,77.6766845
12.8989090,77.6777802
12.8989115,77.6779941
12.9129784,77.6768408
12.9130187,77.6766208
12.9131625,77.6762426
12.9133089,77.6759127
12.9128200,77.6760977
12.9141435,77.6768406
12.9137546,77.6766972
12.9138496,77.6764085
12.9140828,77.6765054
12.9214916,77.6718780
12.9205916,77.6715157
12.9237607,77.6738054
12.9244860,77.6738675
12.9243228,77.6742448
12.9297792,77.6764006
12.9003105,77.6624344
12.8994458,77.6620418
12.8987009,77.6617002
12.8985666,77.6616252
12.8978830,77.6614544
12.8976960,77.6613675
12.8969628,77.6612686
12.8965276,77.6611907
12.8963056,77.6611548
12.8975786,77.6583060
12.8981941,77.6582734
12.8998178,77.6593478
12.8993277,77.6605020
12.8992993,77.6606549
12.9002144,77.6610769
12.9006542,77.6612807
12.9007819,77.6608368
12.9005620,77.6617537
12.9003847,77.6622632
12.8991374,77.6587028
12.8994739,77.6592320
12.8994193,77.6602874
12.9001437,77.6610443
12.9004322,77.6611779
12.9003131,77.6614789
12.9002295,77.6617284
12.9000153,77.6623004
12.9000728,77.6610116
12.8996255,77.6621234
12.8992309,77.6619432
12.8988577,77.6617721
12.8984708,77.6616013
12.9016969,77.6606034
12.9018196,77.6590993
12.9018326,77.6591986
12.9017830,77.6593890
12.9017634,77.6594454
12.9016222,77.6594440
12.9015085,77.6594226
12.9010261,77.6593863
12.9007882,77.6593515
12.9013110,77.6610836
12.9014157,77.6610955
12.9017854,77.6611172
12.9018168,77.6611414
12.9018076,77.6612044
12.9017135,77.6615651
12.9015710,77.6620962
12.9012076,77.6620076
12.9013021,77.6620447
12.9013416,77.6620487
12.9014784,77.6620773
12.9015305,77.6615168
12.9013723,77.6620551
12.9023276,77.6598632
12.9023172,77.6599544
12.9022845,77.6601877
12.9022910,77.6603755
12.9022910,77.6605914
12.9022825,77.6606726
12.9025067,77.6599047
12.9024584,77.6602668
12.9024231,77.6603902
12.9023472,77.6605243
12.9028235,77.6604947
12.9028209,77.6606731
12.9028326,77.6607307
12.9028326,77.6609346
12.9028444,77.6609721
12.9028274,77.6611360
12.9107704,77.6655664
12.9102389,77.6663723
12.9136439,77.6644312
12.9146990,77.6647269
12.9147765,77.6647482
12.9141878,77.6645836
12.9140645,77.6651431
12.9136678,77.6647325
12.9141232,77.6648768
12.9152726,77.6652295
12.9134709,77.6650049
12.9135441,77.6649872
12.9136668,77.6650204
12.9258201,77.6761705
12.9257883,77.6761658
12.9300620,77.6770177
12.9296995,77.6770460
12.9413635,77.6964787
12.9420199,77.6967186
12.9354262,77.6910068
12.9316617,77.6870883
12.9313583,77.6864838
12.9275663,77.6800828
12.9278304,77.6802020
12.9245671,77.6738256
12.9262199,77.6774128
12.9260988,77.6774879
12.9260140,77.6776243
12.9259022,77.6777311
12.9258194,77.6780276
12.9257558,77.6783420
12.9257115,77.6783954
12.9255322,77.6783954
12.9254648,77.6783875
12.9254590,77.6780336
12.9288698,77.6692241
12.9294503,77.6692589
12.9295836,77.6691194
12.9302489,77.6691788
12.8900225,77.7313377
12.8900873,77.7313846
12.9347724,77.7052926
12.9284387,77.6816711
12.9297348,77.6843767
12.9400961,77.6958427
12.9399578,77.6964322
12.9400130,77.6960783
12.9376268,77.6935416
12.9387529,77.6947104
12.9389260,77.6948627
12.9400626,77.6956371
12.9405528,77.6959322
12.9409572,77.6961818
12.9394594,77.6952333
12.9387886,77.6947052
12.9376639,77.6935188
12.9355664,77.7038018
12.9348592,77.7059870
12.9347462,77.7058858
12.9347017,77.7058107
12.9346730,77.7057490
12.9346939,77.7056739
12.8877436,77.7358090
12.8876529,77.7366519
12.8875697,77.7372956
12.8875303,77.7376021
12.8867527,77.7422000
12.8876118,77.7370137
12.8874845,77.7379714
12.8872666,77.7396640
12.8974353,77.7181621
12.8975931,77.7177595
12.8984887,77.7148437
12.9029948,77.7153056
12.9039090,77.7155857
12.9041407,77.7156768
12.9048550,77.7159960
12.9052765,77.7161523
12.9092147,77.7163403
12.9069641,77.7152986
12.9061772,77.7171966
12.9052983,77.7161581
12.9072517,77.7160191
12.9066269,77.7159816
12.9068073,77.7154586
12.9065493,77.7160639
12.9076007,77.7155669
12.9068413,77.7153540
12.9069014,77.7152976
12.9078923,77.7156705
12.9084361,77.7158663
12.9066787,77.7158312
12.9151028,77.6698986
12.9162874,77.6706773
12.9173172,77.6714891
12.9163786,77.6706657
12.9174299,77.6715705
12.9177251,77.6717153
12.9173854,77.6713533
12.9176753,77.6716903
12.9254744,77.6750184
12.8932166,77.6940534
12.8923019,77.6945051
12.9310062,77.7049810
12.9247169,77.6735503
12.9257966,77.6737666
12.9143051,77.6765203
12.9143706,77.6763070
12.9142302,77.6768232
12.9065862,77.6978510
12.9065137,77.6978288
12.9437004,77.6978315
12.9349133,77.7025722
12.9351922,77.7026158
12.9298008,77.6841163
12.9295833,77.6836557
12.9443039,77.6792842
12.9247424,77.6644241
12.9267386,77.6741221
12.9267621,77.6739450
12.9267242,77.6742991
12.9421942,77.6839103
12.9315218,77.6870544
12.9314646,77.6880448
12.9295008,77.6849487
12.9293688,77.6849352
12.9289675,77.6849312
12.9289034,77.6847236
12.9153537,77.6884637
12.9133513,77.6879291
12.9151556,77.6889806
12.9138723,77.6886802
12.9140417,77.6881134
12.9137345,77.6892280
12.9135924,77.6900100
12.9146259,77.6893605
12.9151427,77.6893826
12.9151772,77.6902530
12.9146887,77.6902663
12.9147121,77.6907876
12.9141264,77.6908229
12.9145184,77.6907993
12.9145700,77.6920733
12.9140144,77.6921086
12.9136186,77.6898658
12.9143419,77.6900132
12.9126910,77.6898226
12.9122867,77.6898080
12.9126697,77.6901501
12.9120455,77.6901209
12.9132256,77.6865033
12.9119533,77.6889493
12.9127514,77.6874094
12.9131883,77.6876575
12.9130418,77.6888593
12.9137765,77.6890611
12.9122249,77.6884251
12.9127498,77.6887321
12.9120761,77.6887123
12.9113198,77.6883114
12.9112423,77.6882539
12.9112337,77.6881479
12.9112767,77.6879756
12.9105271,77.6851845
12.9112413,77.6855618
12.9114661,77.6856128
12.9119262,77.6858032
